Q,dt
0.5869,2016-12-01 00:00
0.5809,2016-11-30 23:00
0.5751,2016-11-30 22:00
0.5710,2016-11-30 21:00
0.5686,2016-11-30 20:00
0.5679,2016-11-30 19:00
0.5679,2016-11-30 18:00
0.5678,2016-11-30 17:00
0.5678,2016-11-30 16:00
0.5677,2016-11-30 15:00
0.5677,2016-11-30 14:00
0.5677,2016-11-30 13:00
0.5676,2016-11-30 12:00
0.5676,2016-11-30 11:00
0.5676,2016-11-30 10:00
0.5676,2016-11-30 09:00
0.5676,2016-11-30 08:00
0.5676,2016-11-30 07:00
0.5677,2016-11-30 06:00
0.5677,2016-11-30 05:00
0.5679,2016-11-30 04:00
0.5681,2016-11-30 03:00
0.5684,2016-11-30 02:00
0.5689,2016-11-30 01:00
0.5695,2016-11-30 00:00
0.5703,2016-11-29 23:00
0.5714,2016-11-29 22:00
0.5727,2016-11-29 21:00
0.5743,2016-11-29 20:00
0.5763,2016-11-29 19:00
0.5785,2016-11-29 18:00
0.5810,2016-11-29 17:00
0.5837,2016-11-29 16:00
0.5865,2016-11-29 15:00
0.5893,2016-11-29 14:00
0.5922,2016-11-29 13:00
0.5950,2016-11-29 12:00
0.5977,2016-11-29 11:00
0.6001,2016-11-29 10:00
0.6023,2016-11-29 09:00
0.6041,2016-11-29 08:00
0.6057,2016-11-29 07:00
0.6072,2016-11-29 06:00
0.6088,2016-11-29 05:00
0.6103,2016-11-29 04:00
0.6112,2016-11-29 03:00
0.6137,2016-11-29 02:00
0.6211,2016-11-29 01:00
0.6324,2016-11-29 00:00
0.6469,2016-11-28 23:00
0.6642,2016-11-28 22:00
0.6840,2016-11-28 21:00
0.7091,2016-11-28 20:00
0.7404,2016-11-28 19:00
0.7752,2016-11-28 18:00
0.8118,2016-11-28 17:00
0.8508,2016-11-28 16:00
0.8901,2016-11-28 15:00
0.9252,2016-11-28 14:00
0.9528,2016-11-28 13:00
0.9701,2016-11-28 12:00
0.9757,2016-11-28 11:00
0.9709,2016-11-28 10:00
0.9572,2016-11-28 09:00
0.9345,2016-11-28 08:00
0.9098,2016-11-28 07:00
0.8796,2016-11-28 06:00
0.8289,2016-11-28 05:00
0.7565,2016-11-28 04:00
0.6726,2016-11-28 03:00
0.6050,2016-11-28 02:00
0.5750,2016-11-28 01:00
0.5679,2016-11-28 00:00
0.5659,2016-11-27 23:00
0.5656,2016-11-27 22:00
0.5656,2016-11-27 21:00
0.5657,2016-11-27 20:00
0.5657,2016-11-27 19:00
0.5657,2016-11-27 18:00
0.5657,2016-11-27 17:00
0.5658,2016-11-27 16:00
0.5658,2016-11-27 15:00
0.5658,2016-11-27 14:00
0.5658,2016-11-27 13:00
0.5659,2016-11-27 12:00
0.5659,2016-11-27 11:00
0.5659,2016-11-27 10:00
0.5659,2016-11-27 09:00
0.5660,2016-11-27 08:00
0.5660,2016-11-27 07:00
0.5660,2016-11-27 06:00
0.5660,2016-11-27 05:00
0.5661,2016-11-27 04:00
0.5661,2016-11-27 03:00
0.5661,2016-11-27 02:00
0.5661,2016-11-27 01:00
0.5662,2016-11-27 00:00
0.5662,2016-11-26 23:00
0.5662,2016-11-26 22:00
0.5662,2016-11-26 21:00
0.5662,2016-11-26 20:00
0.5663,2016-11-26 19:00
0.5663,2016-11-26 18:00
0.5663,2016-11-26 17:00
0.5663,2016-11-26 16:00
0.5663,2016-11-26 15:00
0.5664,2016-11-26 14:00
0.5664,2016-11-26 13:00
0.5664,2016-11-26 12:00
0.5664,2016-11-26 11:00
0.5664,2016-11-26 10:00
0.5665,2016-11-26 09:00
0.5665,2016-11-26 08:00
0.5665,2016-11-26 07:00
0.5665,2016-11-26 06:00
0.5665,2016-11-26 05:00
0.5666,2016-11-26 04:00
0.5666,2016-11-26 03:00
0.5666,2016-11-26 02:00
0.5666,2016-11-26 01:00
0.5666,2016-11-26 00:00
0.5666,2016-11-25 23:00
0.5667,2016-11-25 22:00
0.5667,2016-11-25 21:00
0.5667,2016-11-25 20:00
0.5667,2016-11-25 19:00
0.5667,2016-11-25 18:00
0.5667,2016-11-25 17:00
0.5667,2016-11-25 16:00
0.5668,2016-11-25 15:00
0.5668,2016-11-25 14:00
0.5668,2016-11-25 13:00
0.5668,2016-11-25 12:00
0.5668,2016-11-25 11:00
0.5668,2016-11-25 10:00
0.5668,2016-11-25 09:00
0.5669,2016-11-25 08:00
0.5669,2016-11-25 07:00
0.5669,2016-11-25 06:00
0.5669,2016-11-25 05:00
0.5669,2016-11-25 04:00
0.5669,2016-11-25 03:00
0.5670,2016-11-25 02:00
0.5670,2016-11-25 01:00
0.5670,2016-11-25 00:00
0.5671,2016-11-24 23:00
0.5672,2016-11-24 22:00
0.5673,2016-11-24 21:00
0.5674,2016-11-24 20:00
0.5676,2016-11-24 19:00
0.5679,2016-11-24 18:00
0.5684,2016-11-24 17:00
0.5689,2016-11-24 16:00
0.5697,2016-11-24 15:00
0.5708,2016-11-24 14:00
0.5724,2016-11-24 13:00
0.5744,2016-11-24 12:00
0.5770,2016-11-24 11:00
0.5804,2016-11-24 10:00
0.5846,2016-11-24 09:00
0.5898,2016-11-24 08:00
0.5960,2016-11-24 07:00
0.6031,2016-11-24 06:00
0.6111,2016-11-24 05:00
0.6196,2016-11-24 04:00
0.6285,2016-11-24 03:00
0.6376,2016-11-24 02:00
0.6466,2016-11-24 01:00
0.6555,2016-11-24 00:00
0.6644,2016-11-23 23:00
0.6732,2016-11-23 22:00
0.6819,2016-11-23 21:00
0.6905,2016-11-23 20:00
0.6983,2016-11-23 19:00
0.7042,2016-11-23 18:00
0.7069,2016-11-23 17:00
0.7048,2016-11-23 16:00
0.6940,2016-11-23 15:00
0.6844,2016-11-23 14:00
0.6835,2016-11-23 13:00
0.6820,2016-11-23 12:00
0.6806,2016-11-23 11:00
0.6801,2016-11-23 10:00
0.6769,2016-11-23 09:00
0.6715,2016-11-23 08:00
0.6629,2016-11-23 07:00
0.6509,2016-11-23 06:00
0.6389,2016-11-23 05:00
0.6262,2016-11-23 04:00
0.6138,2016-11-23 03:00
0.6035,2016-11-23 02:00
0.5917,2016-11-23 01:00
0.5801,2016-11-23 00:00
0.5727,2016-11-22 23:00
0.5694,2016-11-22 22:00
0.5683,2016-11-22 21:00
0.5684,2016-11-22 20:00
0.5684,2016-11-22 19:00
0.5685,2016-11-22 18:00
0.5686,2016-11-22 17:00
0.5686,2016-11-22 16:00
0.5687,2016-11-22 15:00
0.5687,2016-11-22 14:00
0.5688,2016-11-22 13:00
0.5689,2016-11-22 12:00
0.5689,2016-11-22 11:00
0.5690,2016-11-22 10:00
0.5691,2016-11-22 09:00
0.5691,2016-11-22 08:00
0.5692,2016-11-22 07:00
0.5692,2016-11-22 06:00
0.5693,2016-11-22 05:00
0.5694,2016-11-22 04:00
0.5694,2016-11-22 03:00
0.5695,2016-11-22 02:00
0.5695,2016-11-22 01:00
0.5696,2016-11-22 00:00
0.5697,2016-11-21 23:00
0.5697,2016-11-21 22:00
0.5698,2016-11-21 21:00
0.5698,2016-11-21 20:00
0.5699,2016-11-21 19:00
0.5700,2016-11-21 18:00
0.5700,2016-11-21 17:00
0.5701,2016-11-21 16:00
0.5701,2016-11-21 15:00
0.5702,2016-11-21 14:00
0.5703,2016-11-21 13:00
0.5703,2016-11-21 12:00
0.5704,2016-11-21 11:00
0.5704,2016-11-21 10:00
0.5705,2016-11-21 09:00
0.5705,2016-11-21 08:00
0.5706,2016-11-21 07:00
0.5707,2016-11-21 06:00
0.5707,2016-11-21 05:00
0.5708,2016-11-21 04:00
0.5708,2016-11-21 03:00
0.5709,2016-11-21 02:00
0.5710,2016-11-21 01:00
0.5710,2016-11-21 00:00
0.5711,2016-11-20 23:00
0.5711,2016-11-20 22:00
0.5712,2016-11-20 21:00
0.5712,2016-11-20 20:00
0.5713,2016-11-20 19:00
0.5714,2016-11-20 18:00
0.5714,2016-11-20 17:00
0.5715,2016-11-20 16:00
0.5715,2016-11-20 15:00
0.5716,2016-11-20 14:00
0.5716,2016-11-20 13:00
0.5717,2016-11-20 12:00
0.5718,2016-11-20 11:00
0.5718,2016-11-20 10:00
0.5719,2016-11-20 09:00
0.5719,2016-11-20 08:00
0.5720,2016-11-20 07:00
0.5721,2016-11-20 06:00
0.5721,2016-11-20 05:00
0.5722,2016-11-20 04:00
0.5723,2016-11-20 03:00
0.5723,2016-11-20 02:00
0.5724,2016-11-20 01:00
0.5725,2016-11-20 00:00
0.5726,2016-11-19 23:00
0.5728,2016-11-19 22:00
0.5729,2016-11-19 21:00
0.5730,2016-11-19 20:00
0.5732,2016-11-19 19:00
0.5733,2016-11-19 18:00
0.5735,2016-11-19 17:00
0.5736,2016-11-19 16:00
0.5737,2016-11-19 15:00
0.5737,2016-11-19 14:00
0.5737,2016-11-19 13:00
0.5737,2016-11-19 12:00
0.5736,2016-11-19 11:00
0.5735,2016-11-19 10:00
0.5734,2016-11-19 09:00
0.5733,2016-11-19 08:00
0.5733,2016-11-19 07:00
0.5733,2016-11-19 06:00
0.5734,2016-11-19 05:00
0.5734,2016-11-19 04:00
0.5735,2016-11-19 03:00
0.5735,2016-11-19 02:00
0.5736,2016-11-19 01:00
0.5736,2016-11-19 00:00
0.5737,2016-11-18 23:00
0.5737,2016-11-18 22:00
0.5738,2016-11-18 21:00
0.5738,2016-11-18 20:00
0.5739,2016-11-18 19:00
0.5739,2016-11-18 18:00
0.5740,2016-11-18 17:00
0.5740,2016-11-18 16:00
0.5741,2016-11-18 15:00
0.5741,2016-11-18 14:00
0.5742,2016-11-18 13:00
0.5742,2016-11-18 12:00
0.5743,2016-11-18 11:00
0.5743,2016-11-18 10:00
0.5744,2016-11-18 09:00
0.5744,2016-11-18 08:00
0.5745,2016-11-18 07:00
0.5745,2016-11-18 06:00
0.5746,2016-11-18 05:00
0.5746,2016-11-18 04:00
0.5747,2016-11-18 03:00
0.5747,2016-11-18 02:00
0.5747,2016-11-18 01:00
0.5748,2016-11-18 00:00
0.5748,2016-11-17 23:00
0.5749,2016-11-17 22:00
0.5749,2016-11-17 21:00
0.5750,2016-11-17 20:00
0.5750,2016-11-17 19:00
0.5751,2016-11-17 18:00
0.5751,2016-11-17 17:00
0.5752,2016-11-17 16:00
0.5752,2016-11-17 15:00
0.5753,2016-11-17 14:00
0.5753,2016-11-17 13:00
0.5753,2016-11-17 12:00
0.5754,2016-11-17 11:00
0.5754,2016-11-17 10:00
0.5755,2016-11-17 09:00
0.5755,2016-11-17 08:00
0.5756,2016-11-17 07:00
0.5756,2016-11-17 06:00
0.5757,2016-11-17 05:00
0.5757,2016-11-17 04:00
0.5757,2016-11-17 03:00
0.5758,2016-11-17 02:00
0.5758,2016-11-17 01:00
0.5759,2016-11-17 00:00
0.5759,2016-11-16 23:00
0.5760,2016-11-16 22:00
0.5760,2016-11-16 21:00
0.5761,2016-11-16 20:00
0.5761,2016-11-16 19:00
0.5761,2016-11-16 18:00
0.5762,2016-11-16 17:00
0.5762,2016-11-16 16:00
0.5763,2016-11-16 15:00
0.5763,2016-11-16 14:00
0.5763,2016-11-16 13:00
0.5764,2016-11-16 12:00
0.5764,2016-11-16 11:00
0.5765,2016-11-16 10:00
0.5765,2016-11-16 09:00
0.5765,2016-11-16 08:00
0.5766,2016-11-16 07:00
0.5766,2016-11-16 06:00
0.5767,2016-11-16 05:00
0.5767,2016-11-16 04:00
0.5767,2016-11-16 03:00
0.5768,2016-11-16 02:00
0.5768,2016-11-16 01:00
0.5769,2016-11-16 00:00
0.5769,2016-11-15 23:00
0.5769,2016-11-15 22:00
0.5770,2016-11-15 21:00
0.5770,2016-11-15 20:00
0.5771,2016-11-15 19:00
0.5771,2016-11-15 18:00
0.5771,2016-11-15 17:00
0.5772,2016-11-15 16:00
0.5772,2016-11-15 15:00
0.5772,2016-11-15 14:00
0.5773,2016-11-15 13:00
0.5773,2016-11-15 12:00
0.5774,2016-11-15 11:00
0.5774,2016-11-15 10:00
0.5774,2016-11-15 09:00
0.5775,2016-11-15 08:00
0.5775,2016-11-15 07:00
0.5775,2016-11-15 06:00
0.5776,2016-11-15 05:00
0.5776,2016-11-15 04:00
0.5776,2016-11-15 03:00
0.5777,2016-11-15 02:00
0.5777,2016-11-15 01:00
0.5777,2016-11-15 00:00
0.5778,2016-11-14 23:00
0.5778,2016-11-14 22:00
0.5778,2016-11-14 21:00
0.5779,2016-11-14 20:00
0.5779,2016-11-14 19:00
0.5779,2016-11-14 18:00
0.5780,2016-11-14 17:00
0.5780,2016-11-14 16:00
0.5780,2016-11-14 15:00
0.5781,2016-11-14 14:00
0.5781,2016-11-14 13:00
0.5781,2016-11-14 12:00
0.5782,2016-11-14 11:00
0.5782,2016-11-14 10:00
0.5782,2016-11-14 09:00
0.5783,2016-11-14 08:00
0.5783,2016-11-14 07:00
0.5783,2016-11-14 06:00
0.5784,2016-11-14 05:00
0.5784,2016-11-14 04:00
0.5784,2016-11-14 03:00
0.5784,2016-11-14 02:00
0.5785,2016-11-14 01:00
0.5785,2016-11-14 00:00
0.5785,2016-11-13 23:00
0.5786,2016-11-13 22:00
0.5786,2016-11-13 21:00
0.5786,2016-11-13 20:00
0.5786,2016-11-13 19:00
0.5787,2016-11-13 18:00
0.5787,2016-11-13 17:00
0.5787,2016-11-13 16:00
0.5788,2016-11-13 15:00
0.5788,2016-11-13 14:00
0.5788,2016-11-13 13:00
0.5788,2016-11-13 12:00
0.5789,2016-11-13 11:00
0.5789,2016-11-13 10:00
0.5789,2016-11-13 09:00
0.5789,2016-11-13 08:00
0.5790,2016-11-13 07:00
0.5790,2016-11-13 06:00
0.5790,2016-11-13 05:00
0.5790,2016-11-13 04:00
0.5791,2016-11-13 03:00
0.5791,2016-11-13 02:00
0.5791,2016-11-13 01:00
0.5791,2016-11-13 00:00
0.5792,2016-11-12 23:00
0.5792,2016-11-12 22:00
0.5792,2016-11-12 21:00
0.5792,2016-11-12 20:00
0.5792,2016-11-12 19:00
0.5793,2016-11-12 18:00
0.5793,2016-11-12 17:00
0.5793,2016-11-12 16:00
0.5793,2016-11-12 15:00
0.5794,2016-11-12 14:00
0.5794,2016-11-12 13:00
0.5794,2016-11-12 12:00
0.5794,2016-11-12 11:00
0.5794,2016-11-12 10:00
0.5795,2016-11-12 09:00
0.5795,2016-11-12 08:00
0.5795,2016-11-12 07:00
0.5795,2016-11-12 06:00
0.5795,2016-11-12 05:00
0.5795,2016-11-12 04:00
0.5796,2016-11-12 03:00
0.5796,2016-11-12 02:00
0.5796,2016-11-12 01:00
0.5796,2016-11-12 00:00
0.5796,2016-11-11 23:00
0.5797,2016-11-11 22:00
0.5797,2016-11-11 21:00
0.5797,2016-11-11 20:00
0.5797,2016-11-11 19:00
0.5797,2016-11-11 18:00
0.5797,2016-11-11 17:00
0.5798,2016-11-11 16:00
0.5798,2016-11-11 15:00
0.5798,2016-11-11 14:00
0.5798,2016-11-11 13:00
0.5798,2016-11-11 12:00
0.5798,2016-11-11 11:00
0.5798,2016-11-11 10:00
0.5799,2016-11-11 09:00
0.5799,2016-11-11 08:00
0.5799,2016-11-11 07:00
0.5799,2016-11-11 06:00
0.5799,2016-11-11 05:00
0.5799,2016-11-11 04:00
0.5799,2016-11-11 03:00
0.5799,2016-11-11 02:00
0.5800,2016-11-11 01:00
0.5800,2016-11-11 00:00
0.5800,2016-11-10 23:00
0.5800,2016-11-10 22:00
0.5800,2016-11-10 21:00
0.5800,2016-11-10 20:00
0.5800,2016-11-10 19:00
0.5800,2016-11-10 18:00
0.5800,2016-11-10 17:00
0.5800,2016-11-10 16:00
0.5800,2016-11-10 15:00
0.5801,2016-11-10 14:00
0.5801,2016-11-10 13:00
0.5801,2016-11-10 12:00
0.5801,2016-11-10 11:00
0.5801,2016-11-10 10:00
0.5801,2016-11-10 09:00
0.5801,2016-11-10 08:00
0.5801,2016-11-10 07:00
0.5801,2016-11-10 06:00
0.5801,2016-11-10 05:00
0.5801,2016-11-10 04:00
0.5801,2016-11-10 03:00
0.5801,2016-11-10 02:00
0.5801,2016-11-10 01:00
0.5801,2016-11-10 00:00
0.5802,2016-11-09 23:00
0.5802,2016-11-09 22:00
0.5802,2016-11-09 21:00
0.5802,2016-11-09 20:00
0.5802,2016-11-09 19:00
0.5802,2016-11-09 18:00
0.5802,2016-11-09 17:00
0.5802,2016-11-09 16:00
0.5803,2016-11-09 15:00
0.5803,2016-11-09 14:00
0.5804,2016-11-09 13:00
0.5805,2016-11-09 12:00
0.5806,2016-11-09 11:00
0.5808,2016-11-09 10:00
0.5811,2016-11-09 09:00
0.5814,2016-11-09 08:00
0.5818,2016-11-09 07:00
0.5824,2016-11-09 06:00
0.5831,2016-11-09 05:00
0.5839,2016-11-09 04:00
0.5848,2016-11-09 03:00
0.5857,2016-11-09 02:00
0.5867,2016-11-09 01:00
0.5877,2016-11-09 00:00
0.5885,2016-11-08 23:00
0.5892,2016-11-08 22:00
0.5898,2016-11-08 21:00
0.5902,2016-11-08 20:00
0.5906,2016-11-08 19:00
0.5909,2016-11-08 18:00
0.5912,2016-11-08 17:00
0.5915,2016-11-08 16:00
0.5916,2016-11-08 15:00
0.5914,2016-11-08 14:00
0.5905,2016-11-08 13:00
0.5885,2016-11-08 12:00
0.5835,2016-11-08 11:00
0.5801,2016-11-08 10:00
0.5801,2016-11-08 09:00
0.5801,2016-11-08 08:00
0.5801,2016-11-08 07:00
0.5801,2016-11-08 06:00
0.5801,2016-11-08 05:00
0.5800,2016-11-08 04:00
0.5800,2016-11-08 03:00
0.5800,2016-11-08 02:00
0.5800,2016-11-08 01:00
0.5800,2016-11-08 00:00
0.5800,2016-11-07 23:00
0.5800,2016-11-07 22:00
0.5800,2016-11-07 21:00
0.5800,2016-11-07 20:00
0.5800,2016-11-07 19:00
0.5800,2016-11-07 18:00
0.5799,2016-11-07 17:00
0.5799,2016-11-07 16:00
0.5799,2016-11-07 15:00
0.5799,2016-11-07 14:00
0.5799,2016-11-07 13:00
0.5799,2016-11-07 12:00
0.5799,2016-11-07 11:00
0.5799,2016-11-07 10:00
0.5798,2016-11-07 09:00
0.5798,2016-11-07 08:00
0.5798,2016-11-07 07:00
0.5798,2016-11-07 06:00
0.5798,2016-11-07 05:00
0.5798,2016-11-07 04:00
0.5797,2016-11-07 03:00
0.5797,2016-11-07 02:00
0.5797,2016-11-07 01:00
0.5797,2016-11-07 00:00
0.5797,2016-11-06 23:00
0.5797,2016-11-06 22:00
0.5796,2016-11-06 21:00
0.5796,2016-11-06 20:00
0.5796,2016-11-06 19:00
0.5796,2016-11-06 18:00
0.5796,2016-11-06 17:00
0.5795,2016-11-06 16:00
0.5795,2016-11-06 15:00
0.5795,2016-11-06 14:00
0.5795,2016-11-06 13:00
0.5795,2016-11-06 12:00
0.5794,2016-11-06 11:00
0.5794,2016-11-06 10:00
0.5794,2016-11-06 09:00
0.5794,2016-11-06 08:00
0.5793,2016-11-06 07:00
0.5793,2016-11-06 06:00
0.5793,2016-11-06 05:00
0.5793,2016-11-06 04:00
0.5792,2016-11-06 03:00
0.5792,2016-11-06 02:00
0.5792,2016-11-06 01:00
0.5792,2016-11-06 00:00
0.5791,2016-11-05 23:00
0.5791,2016-11-05 22:00
0.5791,2016-11-05 21:00
0.5790,2016-11-05 20:00
0.5790,2016-11-05 19:00
0.5790,2016-11-05 18:00
0.5790,2016-11-05 17:00
0.5789,2016-11-05 16:00
0.5789,2016-11-05 15:00
0.5789,2016-11-05 14:00
0.5788,2016-11-05 13:00
0.5788,2016-11-05 12:00
0.5788,2016-11-05 11:00
0.5787,2016-11-05 10:00
0.5787,2016-11-05 09:00
0.5787,2016-11-05 08:00
0.5786,2016-11-05 07:00
0.5786,2016-11-05 06:00
0.5786,2016-11-05 05:00
0.5785,2016-11-05 04:00
0.5785,2016-11-05 03:00
0.5785,2016-11-05 02:00
0.5784,2016-11-05 01:00
0.5784,2016-11-05 00:00
0.5783,2016-11-04 23:00
0.5783,2016-11-04 22:00
0.5783,2016-11-04 21:00
0.5782,2016-11-04 20:00
0.5782,2016-11-04 19:00
0.5782,2016-11-04 18:00
0.5781,2016-11-04 17:00
0.5781,2016-11-04 16:00
0.5780,2016-11-04 15:00
0.5780,2016-11-04 14:00
0.5779,2016-11-04 13:00
0.5779,2016-11-04 12:00
0.5779,2016-11-04 11:00
0.5778,2016-11-04 10:00
0.5778,2016-11-04 09:00
0.5777,2016-11-04 08:00
0.5777,2016-11-04 07:00
0.5776,2016-11-04 06:00
0.5776,2016-11-04 05:00
0.5776,2016-11-04 04:00
0.5775,2016-11-04 03:00
0.5775,2016-11-04 02:00
0.5774,2016-11-04 01:00
0.5774,2016-11-04 00:00
0.5774,2016-11-03 23:00
0.5774,2016-11-03 22:00
0.5773,2016-11-03 21:00
0.5774,2016-11-03 20:00
0.5774,2016-11-03 19:00
0.5775,2016-11-03 18:00
0.5776,2016-11-03 17:00
0.5778,2016-11-03 16:00
0.5781,2016-11-03 15:00
0.5785,2016-11-03 14:00
0.5791,2016-11-03 13:00
0.5800,2016-11-03 12:00
0.5810,2016-11-03 11:00
0.5823,2016-11-03 10:00
0.5839,2016-11-03 09:00
0.5857,2016-11-03 08:00
0.5877,2016-11-03 07:00
0.5898,2016-11-03 06:00
0.5918,2016-11-03 05:00
0.5937,2016-11-03 04:00
0.5952,2016-11-03 03:00
0.5964,2016-11-03 02:00
0.5972,2016-11-03 01:00
0.5976,2016-11-03 00:00
0.5978,2016-11-02 23:00
0.5979,2016-11-02 22:00
0.5982,2016-11-02 21:00
0.5989,2016-11-02 20:00
0.5999,2016-11-02 19:00
0.6009,2016-11-02 18:00
0.6015,2016-11-02 17:00
0.6021,2016-11-02 16:00
0.6022,2016-11-02 15:00
0.5991,2016-11-02 14:00
0.5888,2016-11-02 13:00
0.5811,2016-11-02 12:00
0.5795,2016-11-02 11:00
0.5777,2016-11-02 10:00
0.5759,2016-11-02 09:00
0.5751,2016-11-02 08:00
0.5750,2016-11-02 07:00
0.5750,2016-11-02 06:00
0.5749,2016-11-02 05:00
0.5748,2016-11-02 04:00
0.5748,2016-11-02 03:00
0.5747,2016-11-02 02:00
0.5746,2016-11-02 01:00
0.5746,2016-11-02 00:00
0.5745,2016-11-01 23:00
0.5744,2016-11-01 22:00
0.5744,2016-11-01 21:00
0.5743,2016-11-01 20:00
0.5742,2016-11-01 19:00
0.5741,2016-11-01 18:00
0.5741,2016-11-01 17:00
0.5740,2016-11-01 16:00
0.5739,2016-11-01 15:00
0.5739,2016-11-01 14:00
0.5738,2016-11-01 13:00
0.5737,2016-11-01 12:00
0.5736,2016-11-01 11:00
0.5736,2016-11-01 10:00
0.5735,2016-11-01 09:00
0.5734,2016-11-01 08:00
0.5733,2016-11-01 07:00
0.5733,2016-11-01 06:00
0.5732,2016-11-01 05:00
0.5731,2016-11-01 04:00
0.5731,2016-11-01 03:00
0.5730,2016-11-01 02:00
0.5729,2016-11-01 01:00
0.5728,2016-11-01 00:00
0.5728,2016-10-31 23:00
0.5727,2016-10-31 22:00
0.5726,2016-10-31 21:00
0.5726,2016-10-31 20:00
0.5725,2016-10-31 19:00
0.5725,2016-10-31 18:00
0.5724,2016-10-31 17:00
0.5724,2016-10-31 16:00
0.5724,2016-10-31 15:00
0.5725,2016-10-31 14:00
0.5726,2016-10-31 13:00
0.5727,2016-10-31 12:00
0.5730,2016-10-31 11:00
0.5734,2016-10-31 10:00
0.5741,2016-10-31 09:00
0.5750,2016-10-31 08:00
0.5762,2016-10-31 07:00
0.5779,2016-10-31 06:00
0.5801,2016-10-31 05:00
0.5829,2016-10-31 04:00
0.5864,2016-10-31 03:00
0.5906,2016-10-31 02:00
0.5955,2016-10-31 01:00
0.6010,2016-10-31 00:00
0.6068,2016-10-30 23:00
0.6126,2016-10-30 22:00
0.6179,2016-10-30 21:00
0.6225,2016-10-30 20:00
0.6258,2016-10-30 19:00
0.6278,2016-10-30 18:00
0.6283,2016-10-30 17:00
0.6274,2016-10-30 16:00
0.6255,2016-10-30 15:00
0.6228,2016-10-30 14:00
0.6197,2016-10-30 13:00
0.6159,2016-10-30 12:00
0.6104,2016-10-30 11:00
0.6012,2016-10-30 10:00
0.5870,2016-10-30 09:00
0.5739,2016-10-30 08:00
0.5694,2016-10-30 07:00
0.5692,2016-10-30 06:00
0.5691,2016-10-30 05:00
0.5690,2016-10-30 04:00
0.5689,2016-10-30 03:00
0.5688,2016-10-30 02:00
0.5687,2016-10-30 01:00
0.5686,2016-10-30 00:00
0.5685,2016-10-29 23:00
0.5684,2016-10-29 22:00
0.5683,2016-10-29 21:00
0.5682,2016-10-29 20:00
0.5681,2016-10-29 19:00
0.5680,2016-10-29 18:00
0.5679,2016-10-29 17:00
0.5678,2016-10-29 16:00
0.5677,2016-10-29 15:00
0.5676,2016-10-29 14:00
0.5675,2016-10-29 13:00
0.5674,2016-10-29 12:00
0.5673,2016-10-29 11:00
0.5672,2016-10-29 10:00
0.5671,2016-10-29 09:00
0.5670,2016-10-29 08:00
0.5668,2016-10-29 07:00
0.5667,2016-10-29 06:00
0.5666,2016-10-29 05:00
0.5665,2016-10-29 04:00
0.5664,2016-10-29 03:00
0.5663,2016-10-29 02:00
0.5662,2016-10-29 01:00
0.5660,2016-10-29 00:00
0.5659,2016-10-28 23:00
0.5658,2016-10-28 22:00
0.5657,2016-10-28 21:00
0.5656,2016-10-28 20:00
0.5654,2016-10-28 19:00
0.5653,2016-10-28 18:00
0.5652,2016-10-28 17:00
0.5651,2016-10-28 16:00
0.5650,2016-10-28 15:00
0.5648,2016-10-28 14:00
0.5647,2016-10-28 13:00
0.5646,2016-10-28 12:00
0.5645,2016-10-28 11:00
0.5644,2016-10-28 10:00
0.5642,2016-10-28 09:00
0.5641,2016-10-28 08:00
0.5640,2016-10-28 07:00
0.5639,2016-10-28 06:00
0.5638,2016-10-28 05:00
0.5637,2016-10-28 04:00
0.5636,2016-10-28 03:00
0.5636,2016-10-28 02:00
0.5636,2016-10-28 01:00
0.5636,2016-10-28 00:00
0.5637,2016-10-27 23:00
0.5639,2016-10-27 22:00
0.5642,2016-10-27 21:00
0.5647,2016-10-27 20:00
0.5655,2016-10-27 19:00
0.5666,2016-10-27 18:00
0.5682,2016-10-27 17:00
0.5705,2016-10-27 16:00
0.5737,2016-10-27 15:00
0.5782,2016-10-27 14:00
0.5843,2016-10-27 13:00
0.5926,2016-10-27 12:00
0.6037,2016-10-27 11:00
0.6185,2016-10-27 10:00
0.6380,2016-10-27 09:00
0.6635,2016-10-27 08:00
0.6963,2016-10-27 07:00
0.7384,2016-10-27 06:00
0.7919,2016-10-27 05:00
0.8591,2016-10-27 04:00
0.9429,2016-10-27 03:00
1.0460,2016-10-27 02:00
1.1713,2016-10-27 01:00
1.3208,2016-10-27 00:00
1.4948,2016-10-26 23:00
1.6909,2016-10-26 22:00
1.9019,2016-10-26 21:00
2.1146,2016-10-26 20:00
2.3107,2016-10-26 19:00
2.4726,2016-10-26 18:00
2.5808,2016-10-26 17:00
2.6237,2016-10-26 16:00
2.6009,2016-10-26 15:00
2.4847,2016-10-26 14:00
2.2220,2016-10-26 13:00
1.8169,2016-10-26 12:00
1.3975,2016-10-26 11:00
1.0447,2016-10-26 10:00
0.8302,2016-10-26 09:00
0.7320,2016-10-26 08:00
0.6763,2016-10-26 07:00
0.6316,2016-10-26 06:00
0.5907,2016-10-26 05:00
0.5693,2016-10-26 04:00
0.5661,2016-10-26 03:00
0.5660,2016-10-26 02:00
0.5660,2016-10-26 01:00
0.5665,2016-10-26 00:00
0.5671,2016-10-25 23:00
0.5676,2016-10-25 22:00
0.5681,2016-10-25 21:00
0.5683,2016-10-25 20:00
0.5673,2016-10-25 19:00
0.5654,2016-10-25 18:00
0.5648,2016-10-25 17:00
0.5648,2016-10-25 16:00
0.5628,2016-10-25 15:00
0.5604,2016-10-25 14:00
0.5604,2016-10-25 13:00
0.5605,2016-10-25 12:00
0.5606,2016-10-25 11:00
0.5606,2016-10-25 10:00
0.5607,2016-10-25 09:00
0.5608,2016-10-25 08:00
0.5608,2016-10-25 07:00
0.5609,2016-10-25 06:00
0.5609,2016-10-25 05:00
0.5610,2016-10-25 04:00
0.5611,2016-10-25 03:00
0.5611,2016-10-25 02:00
0.5612,2016-10-25 01:00
0.5613,2016-10-25 00:00
0.5613,2016-10-24 23:00
0.5614,2016-10-24 22:00
0.5614,2016-10-24 21:00
0.5615,2016-10-24 20:00
0.5616,2016-10-24 19:00
0.5616,2016-10-24 18:00
0.5617,2016-10-24 17:00
0.5617,2016-10-24 16:00
0.5618,2016-10-24 15:00
0.5619,2016-10-24 14:00
0.5619,2016-10-24 13:00
0.5620,2016-10-24 12:00
0.5620,2016-10-24 11:00
0.5621,2016-10-24 10:00
0.5622,2016-10-24 09:00
0.5622,2016-10-24 08:00
0.5623,2016-10-24 07:00
0.5623,2016-10-24 06:00
0.5624,2016-10-24 05:00
0.5625,2016-10-24 04:00
0.5625,2016-10-24 03:00
0.5626,2016-10-24 02:00
0.5626,2016-10-24 01:00
0.5627,2016-10-24 00:00
0.5627,2016-10-23 23:00
0.5628,2016-10-23 22:00
0.5629,2016-10-23 21:00
0.5629,2016-10-23 20:00
0.5630,2016-10-23 19:00
0.5630,2016-10-23 18:00
0.5631,2016-10-23 17:00
0.5632,2016-10-23 16:00
0.5632,2016-10-23 15:00
0.5633,2016-10-23 14:00
0.5633,2016-10-23 13:00
0.5634,2016-10-23 12:00
0.5634,2016-10-23 11:00
0.5635,2016-10-23 10:00
0.5635,2016-10-23 09:00
0.5636,2016-10-23 08:00
0.5637,2016-10-23 07:00
0.5637,2016-10-23 06:00
0.5638,2016-10-23 05:00
0.5638,2016-10-23 04:00
0.5639,2016-10-23 03:00
0.5639,2016-10-23 02:00
0.5640,2016-10-23 01:00
0.5640,2016-10-23 00:00
0.5641,2016-10-22 23:00
0.5641,2016-10-22 22:00
0.5642,2016-10-22 21:00
0.5643,2016-10-22 20:00
0.5643,2016-10-22 19:00
0.5644,2016-10-22 18:00
0.5644,2016-10-22 17:00
0.5645,2016-10-22 16:00
0.5645,2016-10-22 15:00
0.5646,2016-10-22 14:00
0.5646,2016-10-22 13:00
0.5647,2016-10-22 12:00
0.5647,2016-10-22 11:00
0.5648,2016-10-22 10:00
0.5648,2016-10-22 09:00
0.5649,2016-10-22 08:00
0.5649,2016-10-22 07:00
0.5650,2016-10-22 06:00
0.5650,2016-10-22 05:00
0.5651,2016-10-22 04:00
0.5651,2016-10-22 03:00
0.5652,2016-10-22 02:00
0.5652,2016-10-22 01:00
0.5653,2016-10-22 00:00
0.5653,2016-10-21 23:00
0.5654,2016-10-21 22:00
0.5654,2016-10-21 21:00
0.5655,2016-10-21 20:00
0.5655,2016-10-21 19:00
0.5656,2016-10-21 18:00
0.5656,2016-10-21 17:00
0.5657,2016-10-21 16:00
0.5657,2016-10-21 15:00
0.5658,2016-10-21 14:00
0.5658,2016-10-21 13:00
0.5659,2016-10-21 12:00
0.5659,2016-10-21 11:00
0.5660,2016-10-21 10:00
0.5660,2016-10-21 09:00
0.5661,2016-10-21 08:00
0.5661,2016-10-21 07:00
0.5661,2016-10-21 06:00
0.5662,2016-10-21 05:00
0.5662,2016-10-21 04:00
0.5663,2016-10-21 03:00
0.5663,2016-10-21 02:00
0.5664,2016-10-21 01:00
0.5664,2016-10-21 00:00
0.5665,2016-10-20 23:00
0.5665,2016-10-20 22:00
0.5666,2016-10-20 21:00
0.5666,2016-10-20 20:00
0.5666,2016-10-20 19:00
0.5667,2016-10-20 18:00
0.5667,2016-10-20 17:00
0.5668,2016-10-20 16:00
0.5668,2016-10-20 15:00
0.5669,2016-10-20 14:00
0.5669,2016-10-20 13:00
0.5669,2016-10-20 12:00
0.5670,2016-10-20 11:00
0.5670,2016-10-20 10:00
0.5671,2016-10-20 09:00
0.5671,2016-10-20 08:00
0.5672,2016-10-20 07:00
0.5672,2016-10-20 06:00
0.5672,2016-10-20 05:00
0.5673,2016-10-20 04:00
0.5673,2016-10-20 03:00
0.5674,2016-10-20 02:00
0.5674,2016-10-20 01:00
0.5674,2016-10-20 00:00
0.5675,2016-10-19 23:00
0.5675,2016-10-19 22:00
0.5676,2016-10-19 21:00
0.5676,2016-10-19 20:00
0.5676,2016-10-19 19:00
0.5677,2016-10-19 18:00
0.5677,2016-10-19 17:00
0.5677,2016-10-19 16:00
0.5678,2016-10-19 15:00
0.5678,2016-10-19 14:00
0.5679,2016-10-19 13:00
0.5679,2016-10-19 12:00
0.5679,2016-10-19 11:00
0.5680,2016-10-19 10:00
0.5680,2016-10-19 09:00
0.5680,2016-10-19 08:00
0.5681,2016-10-19 07:00
0.5681,2016-10-19 06:00
0.5682,2016-10-19 05:00
0.5682,2016-10-19 04:00
0.5682,2016-10-19 03:00
0.5683,2016-10-19 02:00
0.5683,2016-10-19 01:00
0.5683,2016-10-19 00:00
0.5684,2016-10-18 23:00
0.5684,2016-10-18 22:00
0.5684,2016-10-18 21:00
0.5685,2016-10-18 20:00
0.5685,2016-10-18 19:00
0.5685,2016-10-18 18:00
0.5686,2016-10-18 17:00
0.5686,2016-10-18 16:00
0.5687,2016-10-18 15:00
0.5687,2016-10-18 14:00
0.5688,2016-10-18 13:00
0.5689,2016-10-18 12:00
0.5689,2016-10-18 11:00
0.5690,2016-10-18 10:00
0.5691,2016-10-18 09:00
0.5691,2016-10-18 08:00
0.5692,2016-10-18 07:00
0.5692,2016-10-18 06:00
0.5692,2016-10-18 05:00
0.5691,2016-10-18 04:00
0.5691,2016-10-18 03:00
0.5691,2016-10-18 02:00
0.5691,2016-10-18 01:00
0.5691,2016-10-18 00:00
0.5691,2016-10-17 23:00
0.5691,2016-10-17 22:00
0.5692,2016-10-17 21:00
0.5692,2016-10-17 20:00
0.5692,2016-10-17 19:00
0.5692,2016-10-17 18:00
0.5693,2016-10-17 17:00
0.5693,2016-10-17 16:00
0.5693,2016-10-17 15:00
0.5693,2016-10-17 14:00
0.5694,2016-10-17 13:00
0.5694,2016-10-17 12:00
0.5694,2016-10-17 11:00
0.5695,2016-10-17 10:00
0.5695,2016-10-17 09:00
0.5695,2016-10-17 08:00
0.5695,2016-10-17 07:00
0.5696,2016-10-17 06:00
0.5696,2016-10-17 05:00
0.5696,2016-10-17 04:00
0.5696,2016-10-17 03:00
0.5697,2016-10-17 02:00
0.5697,2016-10-17 01:00
0.5698,2016-10-17 00:00
0.5698,2016-10-16 23:00
0.5699,2016-10-16 22:00
0.5700,2016-10-16 21:00
0.5702,2016-10-16 20:00
0.5703,2016-10-16 19:00
0.5706,2016-10-16 18:00
0.5709,2016-10-16 17:00
0.5713,2016-10-16 16:00
0.5719,2016-10-16 15:00
0.5726,2016-10-16 14:00
0.5735,2016-10-16 13:00
0.5746,2016-10-16 12:00
0.5758,2016-10-16 11:00
0.5773,2016-10-16 10:00
0.5788,2016-10-16 09:00
0.5805,2016-10-16 08:00
0.5821,2016-10-16 07:00
0.5836,2016-10-16 06:00
0.5849,2016-10-16 05:00
0.5859,2016-10-16 04:00
0.5866,2016-10-16 03:00
0.5870,2016-10-16 02:00
0.5871,2016-10-16 01:00
0.5868,2016-10-16 00:00
0.5862,2016-10-15 23:00
0.5852,2016-10-15 22:00
0.5839,2016-10-15 21:00
0.5825,2016-10-15 20:00
0.5803,2016-10-15 19:00
0.5777,2016-10-15 18:00
0.5756,2016-10-15 17:00
0.5738,2016-10-15 16:00
0.5725,2016-10-15 15:00
0.5713,2016-10-15 14:00
0.5704,2016-10-15 13:00
0.5703,2016-10-15 12:00
0.5704,2016-10-15 11:00
0.5704,2016-10-15 10:00
0.5704,2016-10-15 09:00
0.5704,2016-10-15 08:00
0.5704,2016-10-15 07:00
0.5704,2016-10-15 06:00
0.5705,2016-10-15 05:00
0.5705,2016-10-15 04:00
0.5705,2016-10-15 03:00
0.5705,2016-10-15 02:00
0.5705,2016-10-15 01:00
0.5705,2016-10-15 00:00
0.5705,2016-10-14 23:00
0.5705,2016-10-14 22:00
0.5706,2016-10-14 21:00
0.5706,2016-10-14 20:00
0.5706,2016-10-14 19:00
0.5706,2016-10-14 18:00
0.5706,2016-10-14 17:00
0.5706,2016-10-14 16:00
0.5706,2016-10-14 15:00
0.5706,2016-10-14 14:00
0.5706,2016-10-14 13:00
0.5706,2016-10-14 12:00
0.5707,2016-10-14 11:00
0.5707,2016-10-14 10:00
0.5707,2016-10-14 09:00
0.5707,2016-10-14 08:00
0.5707,2016-10-14 07:00
0.5707,2016-10-14 06:00
0.5707,2016-10-14 05:00
0.5707,2016-10-14 04:00
0.5708,2016-10-14 03:00
0.5708,2016-10-14 02:00
0.5708,2016-10-14 01:00
0.5709,2016-10-14 00:00
0.5709,2016-10-13 23:00
0.5710,2016-10-13 22:00
0.5711,2016-10-13 21:00
0.5713,2016-10-13 20:00
0.5715,2016-10-13 19:00
0.5718,2016-10-13 18:00
0.5722,2016-10-13 17:00
0.5728,2016-10-13 16:00
0.5734,2016-10-13 15:00
0.5743,2016-10-13 14:00
0.5753,2016-10-13 13:00
0.5764,2016-10-13 12:00
0.5777,2016-10-13 11:00
0.5790,2016-10-13 10:00
0.5804,2016-10-13 09:00
0.5816,2016-10-13 08:00
0.5828,2016-10-13 07:00
0.5838,2016-10-13 06:00
0.5847,2016-10-13 05:00
0.5856,2016-10-13 04:00
0.5864,2016-10-13 03:00
0.5872,2016-10-13 02:00
0.5878,2016-10-13 01:00
0.5882,2016-10-13 00:00
0.5881,2016-10-12 23:00
0.5873,2016-10-12 22:00
0.5852,2016-10-12 21:00
0.5804,2016-10-12 20:00
0.5761,2016-10-12 19:00
0.5747,2016-10-12 18:00
0.5743,2016-10-12 17:00
0.5739,2016-10-12 16:00
0.5734,2016-10-12 15:00
0.5728,2016-10-12 14:00
0.5724,2016-10-12 13:00
0.5730,2016-10-12 12:00
0.5739,2016-10-12 11:00
0.5751,2016-10-12 10:00
0.5767,2016-10-12 09:00
0.5789,2016-10-12 08:00
0.5817,2016-10-12 07:00
0.5852,2016-10-12 06:00
0.5896,2016-10-12 05:00
0.5947,2016-10-12 04:00
0.6007,2016-10-12 03:00
0.6072,2016-10-12 02:00
0.6142,2016-10-12 01:00
0.6212,2016-10-12 00:00
0.6279,2016-10-11 23:00
0.6338,2016-10-11 22:00
0.6388,2016-10-11 21:00
0.6427,2016-10-11 20:00
0.6454,2016-10-11 19:00
0.6470,2016-10-11 18:00
0.6474,2016-10-11 17:00
0.6467,2016-10-11 16:00
0.6446,2016-10-11 15:00
0.6400,2016-10-11 14:00
0.6310,2016-10-11 13:00
0.6166,2016-10-11 12:00
0.5996,2016-10-11 11:00
0.5854,2016-10-11 10:00
0.5768,2016-10-11 09:00
0.5739,2016-10-11 08:00
0.5722,2016-10-11 07:00
0.5707,2016-10-11 06:00
0.5707,2016-10-11 05:00
0.5707,2016-10-11 04:00
0.5707,2016-10-11 03:00
0.5707,2016-10-11 02:00
0.5707,2016-10-11 01:00
0.5707,2016-10-11 00:00
0.5707,2016-10-10 23:00
0.5707,2016-10-10 22:00
0.5707,2016-10-10 21:00
0.5707,2016-10-10 20:00
0.5707,2016-10-10 19:00
0.5707,2016-10-10 18:00
0.5707,2016-10-10 17:00
0.5707,2016-10-10 16:00
0.5707,2016-10-10 15:00
0.5707,2016-10-10 14:00
0.5707,2016-10-10 13:00
0.5707,2016-10-10 12:00
0.5707,2016-10-10 11:00
0.5707,2016-10-10 10:00
0.5707,2016-10-10 09:00
0.5707,2016-10-10 08:00
0.5707,2016-10-10 07:00
0.5707,2016-10-10 06:00
0.5706,2016-10-10 05:00
0.5706,2016-10-10 04:00
0.5706,2016-10-10 03:00
0.5706,2016-10-10 02:00
0.5706,2016-10-10 01:00
0.5706,2016-10-10 00:00
0.5706,2016-10-09 23:00
0.5706,2016-10-09 22:00
0.5706,2016-10-09 21:00
0.5706,2016-10-09 20:00
0.5706,2016-10-09 19:00
0.5706,2016-10-09 18:00
0.5705,2016-10-09 17:00
0.5705,2016-10-09 16:00
0.5705,2016-10-09 15:00
0.5705,2016-10-09 14:00
0.5705,2016-10-09 13:00
0.5705,2016-10-09 12:00
0.5705,2016-10-09 11:00
0.5705,2016-10-09 10:00
0.5704,2016-10-09 09:00
0.5704,2016-10-09 08:00
0.5704,2016-10-09 07:00
0.5704,2016-10-09 06:00
0.5704,2016-10-09 05:00
0.5704,2016-10-09 04:00
0.5704,2016-10-09 03:00
0.5703,2016-10-09 02:00
0.5703,2016-10-09 01:00
0.5703,2016-10-09 00:00
0.5703,2016-10-08 23:00
0.5703,2016-10-08 22:00
0.5703,2016-10-08 21:00
0.5702,2016-10-08 20:00
0.5702,2016-10-08 19:00
0.5702,2016-10-08 18:00
0.5702,2016-10-08 17:00
0.5702,2016-10-08 16:00
0.5702,2016-10-08 15:00
0.5702,2016-10-08 14:00
0.5701,2016-10-08 13:00
0.5702,2016-10-08 12:00
0.5702,2016-10-08 11:00
0.5702,2016-10-08 10:00
0.5702,2016-10-08 09:00
0.5703,2016-10-08 08:00
0.5704,2016-10-08 07:00
0.5705,2016-10-08 06:00
0.5707,2016-10-08 05:00
0.5709,2016-10-08 04:00
0.5712,2016-10-08 03:00
0.5715,2016-10-08 02:00
0.5719,2016-10-08 01:00
0.5722,2016-10-08 00:00
0.5725,2016-10-07 23:00
0.5728,2016-10-07 22:00
0.5731,2016-10-07 21:00
0.5734,2016-10-07 20:00
0.5736,2016-10-07 19:00
0.5739,2016-10-07 18:00
0.5742,2016-10-07 17:00
0.5746,2016-10-07 16:00
0.5751,2016-10-07 15:00
0.5755,2016-10-07 14:00
0.5757,2016-10-07 13:00
0.5754,2016-10-07 12:00
0.5744,2016-10-07 11:00
0.5726,2016-10-07 10:00
0.5712,2016-10-07 09:00
0.5704,2016-10-07 08:00
0.5698,2016-10-07 07:00
0.5695,2016-10-07 06:00
0.5693,2016-10-07 05:00
0.5692,2016-10-07 04:00
0.5691,2016-10-07 03:00
0.5691,2016-10-07 02:00
0.5690,2016-10-07 01:00
0.5690,2016-10-07 00:00
0.5690,2016-10-06 23:00
0.5689,2016-10-06 22:00
0.5689,2016-10-06 21:00
0.5689,2016-10-06 20:00
0.5688,2016-10-06 19:00
0.5688,2016-10-06 18:00
0.5688,2016-10-06 17:00
0.5688,2016-10-06 16:00
0.5688,2016-10-06 15:00
0.5688,2016-10-06 14:00
0.5689,2016-10-06 13:00
0.5690,2016-10-06 12:00
0.5692,2016-10-06 11:00
0.5694,2016-10-06 10:00
0.5697,2016-10-06 09:00
0.5701,2016-10-06 08:00
0.5707,2016-10-06 07:00
0.5713,2016-10-06 06:00
0.5721,2016-10-06 05:00
0.5730,2016-10-06 04:00
0.5740,2016-10-06 03:00
0.5750,2016-10-06 02:00
0.5760,2016-10-06 01:00
0.5770,2016-10-06 00:00
0.5779,2016-10-05 23:00
0.5788,2016-10-05 22:00
0.5795,2016-10-05 21:00
0.5800,2016-10-05 20:00
0.5803,2016-10-05 19:00
0.5803,2016-10-05 18:00
0.5801,2016-10-05 17:00
0.5796,2016-10-05 16:00
0.5789,2016-10-05 15:00
0.5777,2016-10-05 14:00
0.5756,2016-10-05 13:00
0.5723,2016-10-05 12:00
0.5705,2016-10-05 11:00
0.5700,2016-10-05 10:00
0.5695,2016-10-05 09:00
0.5687,2016-10-05 08:00
0.5678,2016-10-05 07:00
0.5671,2016-10-05 06:00
0.5670,2016-10-05 05:00
0.5669,2016-10-05 04:00
0.5668,2016-10-05 03:00
0.5668,2016-10-05 02:00
0.5667,2016-10-05 01:00
0.5667,2016-10-05 00:00
0.5666,2016-10-04 23:00
0.5665,2016-10-04 22:00
0.5665,2016-10-04 21:00
0.5664,2016-10-04 20:00
0.5663,2016-10-04 19:00
0.5663,2016-10-04 18:00
0.5662,2016-10-04 17:00
0.5662,2016-10-04 16:00
0.5661,2016-10-04 15:00
0.5660,2016-10-04 14:00
0.5660,2016-10-04 13:00
0.5659,2016-10-04 12:00
0.5658,2016-10-04 11:00
0.5658,2016-10-04 10:00
0.5657,2016-10-04 09:00
0.5656,2016-10-04 08:00
0.5656,2016-10-04 07:00
0.5655,2016-10-04 06:00
0.5654,2016-10-04 05:00
0.5653,2016-10-04 04:00
0.5653,2016-10-04 03:00
0.5652,2016-10-04 02:00
0.5651,2016-10-04 01:00
0.5650,2016-10-04 00:00
0.5650,2016-10-03 23:00
0.5649,2016-10-03 22:00
0.5648,2016-10-03 21:00
0.5647,2016-10-03 20:00
0.5647,2016-10-03 19:00
0.5646,2016-10-03 18:00
0.5645,2016-10-03 17:00
0.5644,2016-10-03 16:00
0.5644,2016-10-03 15:00
0.5643,2016-10-03 14:00
0.5642,2016-10-03 13:00
0.5641,2016-10-03 12:00
0.5640,2016-10-03 11:00
0.5640,2016-10-03 10:00
0.5639,2016-10-03 09:00
0.5638,2016-10-03 08:00
0.5637,2016-10-03 07:00
0.5636,2016-10-03 06:00
0.5635,2016-10-03 05:00
0.5634,2016-10-03 04:00
0.5634,2016-10-03 03:00
0.5633,2016-10-03 02:00
0.5632,2016-10-03 01:00
0.5631,2016-10-03 00:00
0.5630,2016-10-02 23:00
0.5629,2016-10-02 22:00
0.5628,2016-10-02 21:00
0.5627,2016-10-02 20:00
0.5626,2016-10-02 19:00
0.5626,2016-10-02 18:00
0.5625,2016-10-02 17:00
0.5624,2016-10-02 16:00
0.5623,2016-10-02 15:00
0.5622,2016-10-02 14:00
0.5621,2016-10-02 13:00
0.5620,2016-10-02 12:00
0.5619,2016-10-02 11:00
0.5618,2016-10-02 10:00
0.5617,2016-10-02 09:00
0.5616,2016-10-02 08:00
0.5615,2016-10-02 07:00
0.5614,2016-10-02 06:00
0.5613,2016-10-02 05:00
0.5612,2016-10-02 04:00
0.5611,2016-10-02 03:00
0.5610,2016-10-02 02:00
0.5609,2016-10-02 01:00
0.5608,2016-10-02 00:00
0.5607,2016-10-01 23:00
0.5606,2016-10-01 22:00
0.5605,2016-10-01 21:00
0.5604,2016-10-01 20:00
0.5603,2016-10-01 19:00
0.5601,2016-10-01 18:00
0.5600,2016-10-01 17:00
0.5599,2016-10-01 16:00
0.5598,2016-10-01 15:00
0.5597,2016-10-01 14:00
0.5596,2016-10-01 13:00
0.5595,2016-10-01 12:00
0.5594,2016-10-01 11:00
0.5593,2016-10-01 10:00
0.5592,2016-10-01 09:00
0.5592,2016-10-01 08:00
0.5591,2016-10-01 07:00
0.5590,2016-10-01 06:00
0.5589,2016-10-01 05:00
0.5588,2016-10-01 04:00
0.5587,2016-10-01 03:00
0.5587,2016-10-01 02:00
0.5586,2016-10-01 01:00
0.5585,2016-10-01 00:00
0.5584,2016-09-30 23:00
0.5583,2016-09-30 22:00
0.5583,2016-09-30 21:00
0.5582,2016-09-30 20:00
0.5581,2016-09-30 19:00
0.5580,2016-09-30 18:00
0.5579,2016-09-30 17:00
0.5579,2016-09-30 16:00
0.5578,2016-09-30 15:00
0.5577,2016-09-30 14:00
0.5576,2016-09-30 13:00
0.5575,2016-09-30 12:00
0.5574,2016-09-30 11:00
0.5574,2016-09-30 10:00
0.5573,2016-09-30 09:00
0.5572,2016-09-30 08:00
0.5571,2016-09-30 07:00
0.5570,2016-09-30 06:00
0.5569,2016-09-30 05:00
0.5568,2016-09-30 04:00
0.5567,2016-09-30 03:00
0.5566,2016-09-30 02:00
0.5565,2016-09-30 01:00
0.5564,2016-09-30 00:00
0.5563,2016-09-29 23:00
0.5562,2016-09-29 22:00
0.5561,2016-09-29 21:00
0.5560,2016-09-29 20:00
0.5559,2016-09-29 19:00
0.5558,2016-09-29 18:00
0.5557,2016-09-29 17:00
0.5556,2016-09-29 16:00
0.5555,2016-09-29 15:00
0.5554,2016-09-29 14:00
0.5553,2016-09-29 13:00
0.5552,2016-09-29 12:00
0.5552,2016-09-29 11:00
0.5551,2016-09-29 10:00
0.5551,2016-09-29 09:00
0.5550,2016-09-29 08:00
0.5551,2016-09-29 07:00
0.5551,2016-09-29 06:00
0.5552,2016-09-29 05:00
0.5554,2016-09-29 04:00
0.5557,2016-09-29 03:00
0.5561,2016-09-29 02:00
0.5566,2016-09-29 01:00
0.5572,2016-09-29 00:00
0.5580,2016-09-28 23:00
0.5588,2016-09-28 22:00
0.5598,2016-09-28 21:00
0.5608,2016-09-28 20:00
0.5618,2016-09-28 19:00
0.5628,2016-09-28 18:00
0.5637,2016-09-28 17:00
0.5645,2016-09-28 16:00
0.5652,2016-09-28 15:00
0.5658,2016-09-28 14:00
0.5662,2016-09-28 13:00
0.5662,2016-09-28 12:00
0.5660,2016-09-28 11:00
0.5654,2016-09-28 10:00
0.5643,2016-09-28 09:00
0.5624,2016-09-28 08:00
0.5595,2016-09-28 07:00
0.5558,2016-09-28 06:00
0.5525,2016-09-28 05:00
0.5511,2016-09-28 04:00
0.5510,2016-09-28 03:00
0.5508,2016-09-28 02:00
0.5507,2016-09-28 01:00
0.5505,2016-09-28 00:00
0.5504,2016-09-27 23:00
0.5502,2016-09-27 22:00
0.5501,2016-09-27 21:00
0.5499,2016-09-27 20:00
0.5498,2016-09-27 19:00
0.5496,2016-09-27 18:00
0.5495,2016-09-27 17:00
0.5493,2016-09-27 16:00
0.5491,2016-09-27 15:00
0.5490,2016-09-27 14:00
0.5488,2016-09-27 13:00
0.5487,2016-09-27 12:00
0.5485,2016-09-27 11:00
0.5483,2016-09-27 10:00
0.5482,2016-09-27 09:00
0.5480,2016-09-27 08:00
0.5479,2016-09-27 07:00
0.5477,2016-09-27 06:00
0.5475,2016-09-27 05:00
0.5474,2016-09-27 04:00
0.5472,2016-09-27 03:00
0.5470,2016-09-27 02:00
0.5469,2016-09-27 01:00
0.5467,2016-09-27 00:00
0.5466,2016-09-26 23:00
0.5465,2016-09-26 22:00
0.5463,2016-09-26 21:00
0.5462,2016-09-26 20:00
0.5461,2016-09-26 19:00
0.5460,2016-09-26 18:00
0.5459,2016-09-26 17:00
0.5458,2016-09-26 16:00
0.5457,2016-09-26 15:00
0.5456,2016-09-26 14:00
0.5454,2016-09-26 13:00
0.5452,2016-09-26 12:00
0.5449,2016-09-26 11:00
0.5446,2016-09-26 10:00
0.5443,2016-09-26 09:00
0.5440,2016-09-26 08:00
0.5437,2016-09-26 07:00
0.5434,2016-09-26 06:00
0.5431,2016-09-26 05:00
0.5429,2016-09-26 04:00
0.5427,2016-09-26 03:00
0.5425,2016-09-26 02:00
0.5423,2016-09-26 01:00
0.5422,2016-09-26 00:00
0.5420,2016-09-25 23:00
0.5418,2016-09-25 22:00
0.5416,2016-09-25 21:00
0.5415,2016-09-25 20:00
0.5413,2016-09-25 19:00
0.5412,2016-09-25 18:00
0.5411,2016-09-25 17:00
0.5410,2016-09-25 16:00
0.5409,2016-09-25 15:00
0.5409,2016-09-25 14:00
0.5409,2016-09-25 13:00
0.5409,2016-09-25 12:00
0.5411,2016-09-25 11:00
0.5413,2016-09-25 10:00
0.5416,2016-09-25 09:00
0.5420,2016-09-25 08:00
0.5427,2016-09-25 07:00
0.5435,2016-09-25 06:00
0.5445,2016-09-25 05:00
0.5459,2016-09-25 04:00
0.5477,2016-09-25 03:00
0.5499,2016-09-25 02:00
0.5527,2016-09-25 01:00
0.5562,2016-09-25 00:00
0.5606,2016-09-24 23:00
0.5660,2016-09-24 22:00
0.5727,2016-09-24 21:00
0.5809,2016-09-24 20:00
0.5909,2016-09-24 19:00
0.6031,2016-09-24 18:00
0.6179,2016-09-24 17:00
0.6359,2016-09-24 16:00
0.6575,2016-09-24 15:00
0.6836,2016-09-24 14:00
0.7149,2016-09-24 13:00
0.7524,2016-09-24 12:00
0.7972,2016-09-24 11:00
0.8506,2016-09-24 10:00
0.9143,2016-09-24 09:00
0.9901,2016-09-24 08:00
1.0803,2016-09-24 07:00
1.1874,2016-09-24 06:00
1.3146,2016-09-24 05:00
1.4654,2016-09-24 04:00
1.6441,2016-09-24 03:00
1.8554,2016-09-24 02:00
2.1044,2016-09-24 01:00
2.3964,2016-09-24 00:00
2.7362,2016-09-23 23:00
3.1272,2016-09-23 22:00
3.5696,2016-09-23 21:00
4.0591,2016-09-23 20:00
4.5851,2016-09-23 19:00
5.1310,2016-09-23 18:00
5.6769,2016-09-23 17:00
6.2039,2016-09-23 16:00
6.6945,2016-09-23 15:00
7.1257,2016-09-23 14:00
7.4628,2016-09-23 13:00
7.6490,2016-09-23 12:00
7.5375,2016-09-23 11:00
6.8999,2016-09-23 10:00
5.9677,2016-09-23 09:00
5.4376,2016-09-23 08:00
5.7447,2016-09-23 07:00
6.5657,2016-09-23 06:00
7.5933,2016-09-23 05:00
8.8709,2016-09-23 04:00
10.4196,2016-09-23 03:00
12.2743,2016-09-23 02:00
14.4632,2016-09-23 01:00
17.0102,2016-09-23 00:00
19.9111,2016-09-22 23:00
23.1044,2016-09-22 22:00
26.4352,2016-09-22 21:00
29.6073,2016-09-22 20:00
32.1304,2016-09-22 19:00
33.3062,2016-09-22 18:00
32.3525,2016-09-22 17:00
28.8375,2016-09-22 16:00
23.2477,2016-09-22 15:00
16.9728,2016-09-22 14:00
11.2439,2016-09-22 13:00
6.1562,2016-09-22 12:00
2.5594,2016-09-22 11:00
1.1704,2016-09-22 10:00
0.9520,2016-09-22 09:00
0.9861,2016-09-22 08:00
1.0325,2016-09-22 07:00
1.0951,2016-09-22 06:00
1.1863,2016-09-22 05:00
1.3127,2016-09-22 04:00
1.4591,2016-09-22 03:00
1.6129,2016-09-22 02:00
1.7642,2016-09-22 01:00
1.9001,2016-09-22 00:00
2.0062,2016-09-21 23:00
2.0691,2016-09-21 22:00
2.0785,2016-09-21 21:00
2.0287,2016-09-21 20:00
1.9171,2016-09-21 19:00
1.7357,2016-09-21 18:00
1.4753,2016-09-21 17:00
1.1741,2016-09-21 16:00
0.9261,2016-09-21 15:00
0.7753,2016-09-21 14:00
0.6683,2016-09-21 13:00
0.5749,2016-09-21 12:00
0.5311,2016-09-21 11:00
0.5281,2016-09-21 10:00
0.5314,2016-09-21 09:00
0.5355,2016-09-21 08:00
0.5410,2016-09-21 07:00
0.5479,2016-09-21 06:00
0.5568,2016-09-21 05:00
0.5681,2016-09-21 04:00
0.5824,2016-09-21 03:00
0.6003,2016-09-21 02:00
0.6229,2016-09-21 01:00
0.6510,2016-09-21 00:00
0.6861,2016-09-20 23:00
0.7296,2016-09-20 22:00
0.7837,2016-09-20 21:00
0.8506,2016-09-20 20:00
0.9334,2016-09-20 19:00
1.0358,2016-09-20 18:00
1.1622,2016-09-20 17:00
1.3176,2016-09-20 16:00
1.5076,2016-09-20 15:00
1.7380,2016-09-20 14:00
2.0129,2016-09-20 13:00
2.3334,2016-09-20 12:00
2.6927,2016-09-20 11:00
3.0713,2016-09-20 10:00
3.4300,2016-09-20 09:00
3.7067,2016-09-20 08:00
3.8243,2016-09-20 07:00
3.7232,2016-09-20 06:00
3.4097,2016-09-20 05:00
2.9603,2016-09-20 04:00
2.4344,2016-09-20 03:00
1.8560,2016-09-20 02:00
1.3150,2016-09-20 01:00
0.8924,2016-09-20 00:00
0.6474,2016-09-19 23:00
0.5423,2016-09-19 22:00
0.5116,2016-09-19 21:00
0.5103,2016-09-19 20:00
0.5101,2016-09-19 19:00
0.5099,2016-09-19 18:00
0.5098,2016-09-19 17:00
0.5096,2016-09-19 16:00
0.5095,2016-09-19 15:00
0.5093,2016-09-19 14:00
0.5091,2016-09-19 13:00
0.5090,2016-09-19 12:00
0.5088,2016-09-19 11:00
0.5087,2016-09-19 10:00
0.5085,2016-09-19 09:00
0.5083,2016-09-19 08:00
0.5082,2016-09-19 07:00
0.5080,2016-09-19 06:00
0.5078,2016-09-19 05:00
0.5077,2016-09-19 04:00
0.5075,2016-09-19 03:00
0.5073,2016-09-19 02:00
0.5072,2016-09-19 01:00
0.5070,2016-09-19 00:00
0.5068,2016-09-18 23:00
0.5067,2016-09-18 22:00
0.5065,2016-09-18 21:00
0.5064,2016-09-18 20:00
0.5062,2016-09-18 19:00
0.5061,2016-09-18 18:00
0.5060,2016-09-18 17:00
0.5058,2016-09-18 16:00
0.5058,2016-09-18 15:00
0.5057,2016-09-18 14:00
0.5056,2016-09-18 13:00
0.5056,2016-09-18 12:00
0.5057,2016-09-18 11:00
0.5058,2016-09-18 10:00
0.5060,2016-09-18 09:00
0.5062,2016-09-18 08:00
0.5066,2016-09-18 07:00
0.5071,2016-09-18 06:00
0.5078,2016-09-18 05:00
0.5088,2016-09-18 04:00
0.5100,2016-09-18 03:00
0.5116,2016-09-18 02:00
0.5137,2016-09-18 01:00
0.5163,2016-09-18 00:00
0.5197,2016-09-17 23:00
0.5238,2016-09-17 22:00
0.5290,2016-09-17 21:00
0.5355,2016-09-17 20:00
0.5436,2016-09-17 19:00
0.5535,2016-09-17 18:00
0.5658,2016-09-17 17:00
0.5808,2016-09-17 16:00
0.5991,2016-09-17 15:00
0.6214,2016-09-17 14:00
0.6486,2016-09-17 13:00
0.6816,2016-09-17 12:00
0.7215,2016-09-17 11:00
0.7700,2016-09-17 10:00
0.8287,2016-09-17 09:00
0.9000,2016-09-17 08:00
0.9864,2016-09-17 07:00
1.0914,2016-09-17 06:00
1.2191,2016-09-17 05:00
1.3749,2016-09-17 04:00
1.5650,2016-09-17 03:00
1.7975,2016-09-17 02:00
2.0823,2016-09-17 01:00
2.4310,2016-09-17 00:00
2.8576,2016-09-16 23:00
3.3778,2016-09-16 22:00
4.0079,2016-09-16 21:00
4.7623,2016-09-16 20:00
5.6490,2016-09-16 19:00
6.6614,2016-09-16 18:00
7.7678,2016-09-16 17:00
8.9002,2016-09-16 16:00
9.9455,2016-09-16 15:00
10.7453,2016-09-16 14:00
11.1076,2016-09-16 13:00
10.8396,2016-09-16 12:00
9.8307,2016-09-16 11:00
8.2008,2016-09-16 10:00
6.3502,2016-09-16 09:00
4.6574,2016-09-16 08:00
3.0616,2016-09-16 07:00
1.6173,2016-09-16 06:00
0.7630,2016-09-16 05:00
0.5177,2016-09-16 04:00
0.4942,2016-09-16 03:00
0.4942,2016-09-16 02:00
0.4941,2016-09-16 01:00
0.4941,2016-09-16 00:00
0.4940,2016-09-15 23:00
0.4939,2016-09-15 22:00
0.4939,2016-09-15 21:00
0.4938,2016-09-15 20:00
0.4938,2016-09-15 19:00
0.4937,2016-09-15 18:00
0.4936,2016-09-15 17:00
0.4936,2016-09-15 16:00
0.4935,2016-09-15 15:00
0.4935,2016-09-15 14:00
0.4934,2016-09-15 13:00
0.4933,2016-09-15 12:00
0.4933,2016-09-15 11:00
0.4932,2016-09-15 10:00
0.4931,2016-09-15 09:00
0.4931,2016-09-15 08:00
0.4930,2016-09-15 07:00
0.4930,2016-09-15 06:00
0.4929,2016-09-15 05:00
0.4928,2016-09-15 04:00
0.4928,2016-09-15 03:00
0.4928,2016-09-15 02:00
0.4927,2016-09-15 01:00
0.4927,2016-09-15 00:00
0.4927,2016-09-14 23:00
0.4928,2016-09-14 22:00
0.4929,2016-09-14 21:00
0.4930,2016-09-14 20:00
0.4933,2016-09-14 19:00
0.4937,2016-09-14 18:00
0.4942,2016-09-14 17:00
0.4950,2016-09-14 16:00
0.4962,2016-09-14 15:00
0.4977,2016-09-14 14:00
0.4999,2016-09-14 13:00
0.5028,2016-09-14 12:00
0.5067,2016-09-14 11:00
0.5120,2016-09-14 10:00
0.5189,2016-09-14 09:00
0.5280,2016-09-14 08:00
0.5396,2016-09-14 07:00
0.5544,2016-09-14 06:00
0.5729,2016-09-14 05:00
0.5958,2016-09-14 04:00
0.6237,2016-09-14 03:00
0.6573,2016-09-14 02:00
0.6969,2016-09-14 01:00
0.7429,2016-09-14 00:00
0.7951,2016-09-13 23:00
0.8524,2016-09-13 22:00
0.9128,2016-09-13 21:00
0.9725,2016-09-13 20:00
1.0261,2016-09-13 19:00
1.0669,2016-09-13 18:00
1.0875,2016-09-13 17:00
1.0823,2016-09-13 16:00
1.0510,2016-09-13 15:00
1.0022,2016-09-13 14:00
0.9492,2016-09-13 13:00
0.8968,2016-09-13 12:00
0.8339,2016-09-13 11:00
0.7414,2016-09-13 10:00
0.6230,2016-09-13 09:00
0.5227,2016-09-13 08:00
0.4891,2016-09-13 07:00
0.4891,2016-09-13 06:00
0.4890,2016-09-13 05:00
0.4889,2016-09-13 04:00
0.4888,2016-09-13 03:00
0.4888,2016-09-13 02:00
0.4887,2016-09-13 01:00
0.4886,2016-09-13 00:00
0.4886,2016-09-12 23:00
0.4885,2016-09-12 22:00
0.4884,2016-09-12 21:00
0.4883,2016-09-12 20:00
0.4882,2016-09-12 19:00
0.4882,2016-09-12 18:00
0.4881,2016-09-12 17:00
0.4880,2016-09-12 16:00
0.4879,2016-09-12 15:00
0.4878,2016-09-12 14:00
0.4878,2016-09-12 13:00
0.4877,2016-09-12 12:00
0.4876,2016-09-12 11:00
0.4875,2016-09-12 10:00
0.4874,2016-09-12 09:00
0.4874,2016-09-12 08:00
0.4873,2016-09-12 07:00
0.4872,2016-09-12 06:00
0.4871,2016-09-12 05:00
0.4870,2016-09-12 04:00
0.4870,2016-09-12 03:00
0.4869,2016-09-12 02:00
0.4869,2016-09-12 01:00
0.4868,2016-09-12 00:00
0.4868,2016-09-11 23:00
0.4868,2016-09-11 22:00
0.4869,2016-09-11 21:00
0.4870,2016-09-11 20:00
0.4871,2016-09-11 19:00
0.4874,2016-09-11 18:00
0.4877,2016-09-11 17:00
0.4882,2016-09-11 16:00
0.4889,2016-09-11 15:00
0.4898,2016-09-11 14:00
0.4910,2016-09-11 13:00
0.4926,2016-09-11 12:00
0.4946,2016-09-11 11:00
0.4973,2016-09-11 10:00
0.5006,2016-09-11 09:00
0.5046,2016-09-11 08:00
0.5096,2016-09-11 07:00
0.5157,2016-09-11 06:00
0.5229,2016-09-11 05:00
0.5314,2016-09-11 04:00
0.5413,2016-09-11 03:00
0.5529,2016-09-11 02:00
0.5662,2016-09-11 01:00
0.5816,2016-09-11 00:00
0.5994,2016-09-10 23:00
0.6200,2016-09-10 22:00
0.6438,2016-09-10 21:00
0.6716,2016-09-10 20:00
0.7048,2016-09-10 19:00
0.7449,2016-09-10 18:00
0.7943,2016-09-10 17:00
0.8549,2016-09-10 16:00
0.9279,2016-09-10 15:00
1.0141,2016-09-10 14:00
1.1152,2016-09-10 13:00
1.2317,2016-09-10 12:00
1.3590,2016-09-10 11:00
1.4934,2016-09-10 10:00
1.6305,2016-09-10 09:00
1.7650,2016-09-10 08:00
1.8910,2016-09-10 07:00
2.0015,2016-09-10 06:00
2.0842,2016-09-10 05:00
2.1178,2016-09-10 04:00
2.0756,2016-09-10 03:00
1.9466,2016-09-10 02:00
1.7495,2016-09-10 01:00
1.5472,2016-09-10 00:00
1.3485,2016-09-09 23:00
1.1260,2016-09-09 22:00
0.8867,2016-09-09 21:00
0.6883,2016-09-09 20:00
0.5749,2016-09-09 19:00
0.5209,2016-09-09 18:00
0.4908,2016-09-09 17:00
0.4813,2016-09-09 16:00
0.4813,2016-09-09 15:00
0.4812,2016-09-09 14:00
0.4812,2016-09-09 13:00
0.4812,2016-09-09 12:00
0.4812,2016-09-09 11:00
0.4812,2016-09-09 10:00
0.4812,2016-09-09 09:00
0.4812,2016-09-09 08:00
0.4812,2016-09-09 07:00
0.4813,2016-09-09 06:00
0.4814,2016-09-09 05:00
0.4816,2016-09-09 04:00
0.4819,2016-09-09 03:00
0.4823,2016-09-09 02:00
0.4829,2016-09-09 01:00
0.4838,2016-09-09 00:00
0.4849,2016-09-08 23:00
0.4865,2016-09-08 22:00
0.4887,2016-09-08 21:00
0.4917,2016-09-08 20:00
0.4956,2016-09-08 19:00
0.5007,2016-09-08 18:00
0.5072,2016-09-08 17:00
0.5156,2016-09-08 16:00
0.5260,2016-09-08 15:00
0.5388,2016-09-08 14:00
0.5543,2016-09-08 13:00
0.5729,2016-09-08 12:00
0.5948,2016-09-08 11:00
0.6204,2016-09-08 10:00
0.6500,2016-09-08 09:00
0.6840,2016-09-08 08:00
0.7227,2016-09-08 07:00
0.7665,2016-09-08 06:00
0.8156,2016-09-08 05:00
0.8700,2016-09-08 04:00
0.9291,2016-09-08 03:00
0.9913,2016-09-08 02:00
1.0537,2016-09-08 01:00
1.1107,2016-09-08 00:00
1.1540,2016-09-07 23:00
1.1744,2016-09-07 22:00
1.1708,2016-09-07 21:00
1.1378,2016-09-07 20:00
1.0770,2016-09-07 19:00
1.0087,2016-09-07 18:00
0.9400,2016-09-07 17:00
0.8653,2016-09-07 16:00
0.7760,2016-09-07 15:00
0.6681,2016-09-07 14:00
0.5690,2016-09-07 13:00
0.5111,2016-09-07 12:00
0.4869,2016-09-07 11:00
0.4802,2016-09-07 10:00
0.4796,2016-09-07 09:00
0.4796,2016-09-07 08:00
0.4796,2016-09-07 07:00
0.4796,2016-09-07 06:00
0.4796,2016-09-07 05:00
0.4796,2016-09-07 04:00
0.4797,2016-09-07 03:00
0.4797,2016-09-07 02:00
0.4797,2016-09-07 01:00
0.4797,2016-09-07 00:00
0.4797,2016-09-06 23:00
0.4797,2016-09-06 22:00
0.4798,2016-09-06 21:00
0.4798,2016-09-06 20:00
0.4798,2016-09-06 19:00
0.4798,2016-09-06 18:00
0.4798,2016-09-06 17:00
0.4798,2016-09-06 16:00
0.4798,2016-09-06 15:00
0.4799,2016-09-06 14:00
0.4799,2016-09-06 13:00
0.4799,2016-09-06 12:00
0.4799,2016-09-06 11:00
0.4799,2016-09-06 10:00
0.4799,2016-09-06 09:00
0.4799,2016-09-06 08:00
0.4799,2016-09-06 07:00
0.4799,2016-09-06 06:00
0.4799,2016-09-06 05:00
0.4799,2016-09-06 04:00
0.4799,2016-09-06 03:00
0.4799,2016-09-06 02:00
0.4799,2016-09-06 01:00
0.4799,2016-09-06 00:00
0.4799,2016-09-05 23:00
0.4799,2016-09-05 22:00
0.4799,2016-09-05 21:00
0.4799,2016-09-05 20:00
0.4799,2016-09-05 19:00
0.4799,2016-09-05 18:00
0.4799,2016-09-05 17:00
0.4799,2016-09-05 16:00
0.4799,2016-09-05 15:00
0.4799,2016-09-05 14:00
0.4799,2016-09-05 13:00
0.4799,2016-09-05 12:00
0.4799,2016-09-05 11:00
0.4799,2016-09-05 10:00
0.4799,2016-09-05 09:00
0.4799,2016-09-05 08:00
0.4799,2016-09-05 07:00
0.4799,2016-09-05 06:00
0.4799,2016-09-05 05:00
0.4799,2016-09-05 04:00
0.4799,2016-09-05 03:00
0.4798,2016-09-05 02:00
0.4798,2016-09-05 01:00
0.4798,2016-09-05 00:00
0.4798,2016-09-04 23:00
0.4798,2016-09-04 22:00
0.4798,2016-09-04 21:00
0.4798,2016-09-04 20:00
0.4798,2016-09-04 19:00
0.4797,2016-09-04 18:00
0.4797,2016-09-04 17:00
0.4797,2016-09-04 16:00
0.4797,2016-09-04 15:00
0.4797,2016-09-04 14:00
0.4796,2016-09-04 13:00
0.4796,2016-09-04 12:00
0.4796,2016-09-04 11:00
0.4796,2016-09-04 10:00
0.4796,2016-09-04 09:00
0.4795,2016-09-04 08:00
0.4795,2016-09-04 07:00
0.4795,2016-09-04 06:00
0.4795,2016-09-04 05:00
0.4794,2016-09-04 04:00
0.4794,2016-09-04 03:00
0.4794,2016-09-04 02:00
0.4794,2016-09-04 01:00
0.4793,2016-09-04 00:00
0.4793,2016-09-03 23:00
0.4793,2016-09-03 22:00
0.4792,2016-09-03 21:00
0.4792,2016-09-03 20:00
0.4792,2016-09-03 19:00
0.4791,2016-09-03 18:00
0.4791,2016-09-03 17:00
0.4791,2016-09-03 16:00
0.4790,2016-09-03 15:00
0.4790,2016-09-03 14:00
0.4790,2016-09-03 13:00
0.4789,2016-09-03 12:00
0.4789,2016-09-03 11:00
0.4789,2016-09-03 10:00
0.4788,2016-09-03 09:00
0.4788,2016-09-03 08:00
0.4787,2016-09-03 07:00
0.4787,2016-09-03 06:00
0.4787,2016-09-03 05:00
0.4786,2016-09-03 04:00
0.4786,2016-09-03 03:00
0.4785,2016-09-03 02:00
0.4785,2016-09-03 01:00
0.4784,2016-09-03 00:00
0.4784,2016-09-02 23:00
0.4783,2016-09-02 22:00
0.4783,2016-09-02 21:00
0.4782,2016-09-02 20:00
0.4782,2016-09-02 19:00
0.4781,2016-09-02 18:00
0.4781,2016-09-02 17:00
0.4780,2016-09-02 16:00
0.4780,2016-09-02 15:00
0.4779,2016-09-02 14:00
0.4779,2016-09-02 13:00
0.4778,2016-09-02 12:00
0.4778,2016-09-02 11:00
0.4777,2016-09-02 10:00
0.4777,2016-09-02 09:00
0.4776,2016-09-02 08:00
0.4775,2016-09-02 07:00
0.4775,2016-09-02 06:00
0.4774,2016-09-02 05:00
0.4774,2016-09-02 04:00
0.4773,2016-09-02 03:00
0.4772,2016-09-02 02:00
0.4772,2016-09-02 01:00
0.4771,2016-09-02 00:00
0.4770,2016-09-01 23:00
0.4770,2016-09-01 22:00
0.4769,2016-09-01 21:00
0.4768,2016-09-01 20:00
0.4768,2016-09-01 19:00
0.4767,2016-09-01 18:00
0.4767,2016-09-01 17:00
0.4766,2016-09-01 16:00
0.4765,2016-09-01 15:00
0.4765,2016-09-01 14:00
0.4764,2016-09-01 13:00
0.4764,2016-09-01 12:00
0.4764,2016-09-01 11:00
0.4763,2016-09-01 10:00
0.4763,2016-09-01 09:00
0.4763,2016-09-01 08:00
0.4763,2016-09-01 07:00
0.4764,2016-09-01 06:00
0.4764,2016-09-01 05:00
0.4765,2016-09-01 04:00
0.4766,2016-09-01 03:00
0.4768,2016-09-01 02:00
0.4771,2016-09-01 01:00
0.4775,2016-09-01 00:00
0.4780,2016-08-31 23:00
0.4786,2016-08-31 22:00
0.4794,2016-08-31 21:00
0.4804,2016-08-31 20:00
0.4817,2016-08-31 19:00
0.4832,2016-08-31 18:00
0.4848,2016-08-31 17:00
0.4867,2016-08-31 16:00
0.4885,2016-08-31 15:00
0.4903,2016-08-31 14:00
0.4917,2016-08-31 13:00
0.4927,2016-08-31 12:00
0.4929,2016-08-31 11:00
0.4924,2016-08-31 10:00
0.4911,2016-08-31 09:00
0.4890,2016-08-31 08:00
0.4864,2016-08-31 07:00
0.4836,2016-08-31 06:00
0.4809,2016-08-31 05:00
0.4788,2016-08-31 04:00
0.4774,2016-08-31 03:00
0.4768,2016-08-31 02:00
0.4767,2016-08-31 01:00
0.4769,2016-08-31 00:00
0.4774,2016-08-30 23:00
0.4780,2016-08-30 22:00
0.4789,2016-08-30 21:00
0.4800,2016-08-30 20:00
0.4816,2016-08-30 19:00
0.4837,2016-08-30 18:00
0.4865,2016-08-30 17:00
0.4900,2016-08-30 16:00
0.4945,2016-08-30 15:00
0.5000,2016-08-30 14:00
0.5067,2016-08-30 13:00
0.5146,2016-08-30 12:00
0.5236,2016-08-30 11:00
0.5335,2016-08-30 10:00
0.5438,2016-08-30 09:00
0.5540,2016-08-30 08:00
0.5631,2016-08-30 07:00
0.5701,2016-08-30 06:00
0.5740,2016-08-30 05:00
0.5739,2016-08-30 04:00
0.5696,2016-08-30 03:00
0.5615,2016-08-30 02:00
0.5507,2016-08-30 01:00
0.5388,2016-08-30 00:00
0.5270,2016-08-29 23:00
0.5156,2016-08-29 22:00
0.5039,2016-08-29 21:00
0.4917,2016-08-29 20:00
0.4805,2016-08-29 19:00
0.4747,2016-08-29 18:00
0.4740,2016-08-29 17:00
0.4740,2016-08-29 16:00
0.4739,2016-08-29 15:00
0.4738,2016-08-29 14:00
0.4738,2016-08-29 13:00
0.4737,2016-08-29 12:00
0.4737,2016-08-29 11:00
0.4736,2016-08-29 10:00
0.4736,2016-08-29 09:00
0.4736,2016-08-29 08:00
0.4736,2016-08-29 07:00
0.4736,2016-08-29 06:00
0.4737,2016-08-29 05:00
0.4739,2016-08-29 04:00
0.4742,2016-08-29 03:00
0.4745,2016-08-29 02:00
0.4751,2016-08-29 01:00
0.4758,2016-08-29 00:00
0.4769,2016-08-28 23:00
0.4784,2016-08-28 22:00
0.4804,2016-08-28 21:00
0.4832,2016-08-28 20:00
0.4869,2016-08-28 19:00
0.4919,2016-08-28 18:00
0.4985,2016-08-28 17:00
0.5071,2016-08-28 16:00
0.5183,2016-08-28 15:00
0.5329,2016-08-28 14:00
0.5517,2016-08-28 13:00
0.5756,2016-08-28 12:00
0.6061,2016-08-28 11:00
0.6447,2016-08-28 10:00
0.6933,2016-08-28 09:00
0.7544,2016-08-28 08:00
0.8310,2016-08-28 07:00
0.9268,2016-08-28 06:00
1.0461,2016-08-28 05:00
1.1943,2016-08-28 04:00
1.3774,2016-08-28 03:00
1.6014,2016-08-28 02:00
1.8718,2016-08-28 01:00
2.1909,2016-08-28 00:00
2.5545,2016-08-27 23:00
2.9464,2016-08-27 22:00
3.3332,2016-08-27 21:00
3.6629,2016-08-27 20:00
3.8783,2016-08-27 19:00
3.9488,2016-08-27 18:00
3.9023,2016-08-27 17:00
3.7984,2016-08-27 16:00
3.6217,2016-08-27 15:00
3.2405,2016-08-27 14:00
2.6542,2016-08-27 13:00
2.1510,2016-08-27 12:00
1.9091,2016-08-27 11:00
1.7396,2016-08-27 10:00
1.5419,2016-08-27 09:00
1.3448,2016-08-27 08:00
1.1737,2016-08-27 07:00
1.0492,2016-08-27 06:00
0.9619,2016-08-27 05:00
0.8651,2016-08-27 04:00
0.7412,2016-08-27 03:00
0.6195,2016-08-27 02:00
0.5428,2016-08-27 01:00
0.5027,2016-08-27 00:00
0.4778,2016-08-26 23:00
0.4688,2016-08-26 22:00
0.4682,2016-08-26 21:00
0.4682,2016-08-26 20:00
0.4681,2016-08-26 19:00
0.4681,2016-08-26 18:00
0.4680,2016-08-26 17:00
0.4680,2016-08-26 16:00
0.4679,2016-08-26 15:00
0.4679,2016-08-26 14:00
0.4678,2016-08-26 13:00
0.4678,2016-08-26 12:00
0.4677,2016-08-26 11:00
0.4677,2016-08-26 10:00
0.4676,2016-08-26 09:00
0.4676,2016-08-26 08:00
0.4676,2016-08-26 07:00
0.4676,2016-08-26 06:00
0.4676,2016-08-26 05:00
0.4677,2016-08-26 04:00
0.4677,2016-08-26 03:00
0.4679,2016-08-26 02:00
0.4682,2016-08-26 01:00
0.4685,2016-08-26 00:00
0.4691,2016-08-25 23:00
0.4698,2016-08-25 22:00
0.4709,2016-08-25 21:00
0.4724,2016-08-25 20:00
0.4745,2016-08-25 19:00
0.4774,2016-08-25 18:00
0.4813,2016-08-25 17:00
0.4865,2016-08-25 16:00
0.4935,2016-08-25 15:00
0.5027,2016-08-25 14:00
0.5149,2016-08-25 13:00
0.5307,2016-08-25 12:00
0.5512,2016-08-25 11:00
0.5776,2016-08-25 10:00
0.6114,2016-08-25 09:00
0.6544,2016-08-25 08:00
0.7091,2016-08-25 07:00
0.7783,2016-08-25 06:00
0.8656,2016-08-25 05:00
0.9756,2016-08-25 04:00
1.1134,2016-08-25 03:00
1.2851,2016-08-25 02:00
1.4972,2016-08-25 01:00
1.7550,2016-08-25 00:00
2.0609,2016-08-24 23:00
2.4097,2016-08-24 22:00
2.7820,2016-08-24 21:00
3.1368,2016-08-24 20:00
3.4065,2016-08-24 19:00
3.5097,2016-08-24 18:00
3.3934,2016-08-24 17:00
3.0947,2016-08-24 16:00
2.7357,2016-08-24 15:00
2.3755,2016-08-24 14:00
1.9038,2016-08-24 13:00
1.2838,2016-08-24 12:00
0.7388,2016-08-24 11:00
0.4995,2016-08-24 10:00
0.4640,2016-08-24 09:00
0.4640,2016-08-24 08:00
0.4640,2016-08-24 07:00
0.4639,2016-08-24 06:00
0.4639,2016-08-24 05:00
0.4639,2016-08-24 04:00
0.4638,2016-08-24 03:00
0.4638,2016-08-24 02:00
0.4638,2016-08-24 01:00
0.4637,2016-08-24 00:00
0.4637,2016-08-23 23:00
0.4636,2016-08-23 22:00
0.4636,2016-08-23 21:00
0.4635,2016-08-23 20:00
0.4635,2016-08-23 19:00
0.4635,2016-08-23 18:00
0.4634,2016-08-23 17:00
0.4634,2016-08-23 16:00
0.4633,2016-08-23 15:00
0.4632,2016-08-23 14:00
0.4632,2016-08-23 13:00
0.4631,2016-08-23 12:00
0.4631,2016-08-23 11:00
0.4630,2016-08-23 10:00
0.4630,2016-08-23 09:00
0.4629,2016-08-23 08:00
0.4628,2016-08-23 07:00
0.4628,2016-08-23 06:00
0.4627,2016-08-23 05:00
0.4626,2016-08-23 04:00
0.4626,2016-08-23 03:00
0.4625,2016-08-23 02:00
0.4624,2016-08-23 01:00
0.4624,2016-08-23 00:00
0.4623,2016-08-22 23:00
0.4622,2016-08-22 22:00
0.4621,2016-08-22 21:00
0.4621,2016-08-22 20:00
0.4620,2016-08-22 19:00
0.4619,2016-08-22 18:00
0.4618,2016-08-22 17:00
0.4617,2016-08-22 16:00
0.4616,2016-08-22 15:00
0.4616,2016-08-22 14:00
0.4615,2016-08-22 13:00
0.4614,2016-08-22 12:00
0.4613,2016-08-22 11:00
0.4612,2016-08-22 10:00
0.4611,2016-08-22 09:00
0.4610,2016-08-22 08:00
0.4610,2016-08-22 07:00
0.4609,2016-08-22 06:00
0.4608,2016-08-22 05:00
0.4608,2016-08-22 04:00
0.4607,2016-08-22 03:00
0.4607,2016-08-22 02:00
0.4607,2016-08-22 01:00
0.4607,2016-08-22 00:00
0.4608,2016-08-21 23:00
0.4610,2016-08-21 22:00
0.4612,2016-08-21 21:00
0.4616,2016-08-21 20:00
0.4622,2016-08-21 19:00
0.4630,2016-08-21 18:00
0.4641,2016-08-21 17:00
0.4657,2016-08-21 16:00
0.4678,2016-08-21 15:00
0.4707,2016-08-21 14:00
0.4745,2016-08-21 13:00
0.4797,2016-08-21 12:00
0.4864,2016-08-21 11:00
0.4952,2016-08-21 10:00
0.5065,2016-08-21 09:00
0.5211,2016-08-21 08:00
0.5396,2016-08-21 07:00
0.5628,2016-08-21 06:00
0.5919,2016-08-21 05:00
0.6280,2016-08-21 04:00
0.6724,2016-08-21 03:00
0.7266,2016-08-21 02:00
0.7918,2016-08-21 01:00
0.8696,2016-08-21 00:00
0.9608,2016-08-20 23:00
1.0655,2016-08-20 22:00
1.1822,2016-08-20 21:00
1.3071,2016-08-20 20:00
1.4334,2016-08-20 19:00
1.5514,2016-08-20 18:00
1.6500,2016-08-20 17:00
1.7201,2016-08-20 16:00
1.7591,2016-08-20 15:00
1.7714,2016-08-20 14:00
1.7642,2016-08-20 13:00
1.7386,2016-08-20 12:00
1.6920,2016-08-20 11:00
1.6371,2016-08-20 10:00
1.6094,2016-08-20 09:00
1.6499,2016-08-20 08:00
1.7476,2016-08-20 07:00
1.8878,2016-08-20 06:00
2.0841,2016-08-20 05:00
2.3838,2016-08-20 04:00
2.7842,2016-08-20 03:00
3.2618,2016-08-20 02:00
3.8148,2016-08-20 01:00
4.4418,2016-08-20 00:00
5.1562,2016-08-19 23:00
5.9613,2016-08-19 22:00
6.8624,2016-08-19 21:00
7.6836,2016-08-19 20:00
8.1200,2016-08-19 19:00
7.9850,2016-08-19 18:00
7.3428,2016-08-19 17:00
6.3802,2016-08-19 16:00
4.9845,2016-08-19 15:00
3.1676,2016-08-19 14:00
1.7072,2016-08-19 13:00
1.0873,2016-08-19 12:00
0.9828,2016-08-19 11:00
0.9911,2016-08-19 10:00
0.9850,2016-08-19 09:00
0.9739,2016-08-19 08:00
0.9666,2016-08-19 07:00
0.9570,2016-08-19 06:00
0.9150,2016-08-19 05:00
0.8075,2016-08-19 04:00
0.6299,2016-08-19 03:00
0.4921,2016-08-19 02:00
0.4549,2016-08-19 01:00
0.4550,2016-08-19 00:00
0.4552,2016-08-18 23:00
0.4553,2016-08-18 22:00
0.4555,2016-08-18 21:00
0.4558,2016-08-18 20:00
0.4560,2016-08-18 19:00
0.4564,2016-08-18 18:00
0.4568,2016-08-18 17:00
0.4574,2016-08-18 16:00
0.4581,2016-08-18 15:00
0.4591,2016-08-18 14:00
0.4605,2016-08-18 13:00
0.4623,2016-08-18 12:00
0.4647,2016-08-18 11:00
0.4679,2016-08-18 10:00
0.4720,2016-08-18 09:00
0.4774,2016-08-18 08:00
0.4843,2016-08-18 07:00
0.4929,2016-08-18 06:00
0.5035,2016-08-18 05:00
0.5162,2016-08-18 04:00
0.5310,2016-08-18 03:00
0.5477,2016-08-18 02:00
0.5658,2016-08-18 01:00
0.5845,2016-08-18 00:00
0.6025,2016-08-17 23:00
0.6184,2016-08-17 22:00
0.6305,2016-08-17 21:00
0.6375,2016-08-17 20:00
0.6386,2016-08-17 19:00
0.6340,2016-08-17 18:00
0.6252,2016-08-17 17:00
0.6144,2016-08-17 16:00
0.6037,2016-08-17 15:00
0.5930,2016-08-17 14:00
0.5796,2016-08-17 13:00
0.5591,2016-08-17 12:00
0.5267,2016-08-17 11:00
0.4823,2016-08-17 10:00
0.4592,2016-08-17 09:00
0.4593,2016-08-17 08:00
0.4595,2016-08-17 07:00
0.4596,2016-08-17 06:00
0.4597,2016-08-17 05:00
0.4598,2016-08-17 04:00
0.4600,2016-08-17 03:00
0.4601,2016-08-17 02:00
0.4602,2016-08-17 01:00
0.4603,2016-08-17 00:00
0.4605,2016-08-16 23:00
0.4606,2016-08-16 22:00
0.4607,2016-08-16 21:00
0.4608,2016-08-16 20:00
0.4609,2016-08-16 19:00
0.4610,2016-08-16 18:00
0.4612,2016-08-16 17:00
0.4613,2016-08-16 16:00
0.4614,2016-08-16 15:00
0.4615,2016-08-16 14:00
0.4616,2016-08-16 13:00
0.4617,2016-08-16 12:00
0.4618,2016-08-16 11:00
0.4620,2016-08-16 10:00
0.4621,2016-08-16 09:00
0.4622,2016-08-16 08:00
0.4623,2016-08-16 07:00
0.4624,2016-08-16 06:00
0.4625,2016-08-16 05:00
0.4626,2016-08-16 04:00
0.4627,2016-08-16 03:00
0.4628,2016-08-16 02:00
0.4629,2016-08-16 01:00
0.4630,2016-08-16 00:00
0.4631,2016-08-15 23:00
0.4632,2016-08-15 22:00
0.4633,2016-08-15 21:00
0.4634,2016-08-15 20:00
0.4635,2016-08-15 19:00
0.4636,2016-08-15 18:00
0.4637,2016-08-15 17:00
0.4638,2016-08-15 16:00
0.4639,2016-08-15 15:00
0.4640,2016-08-15 14:00
0.4641,2016-08-15 13:00
0.4642,2016-08-15 12:00
0.4643,2016-08-15 11:00
0.4644,2016-08-15 10:00
0.4645,2016-08-15 09:00
0.4645,2016-08-15 08:00
0.4646,2016-08-15 07:00
0.4647,2016-08-15 06:00
0.4648,2016-08-15 05:00
0.4649,2016-08-15 04:00
0.4650,2016-08-15 03:00
0.4651,2016-08-15 02:00
0.4651,2016-08-15 01:00
0.4652,2016-08-15 00:00
0.4653,2016-08-14 23:00
0.4654,2016-08-14 22:00
0.4655,2016-08-14 21:00
0.4656,2016-08-14 20:00
0.4656,2016-08-14 19:00
0.4657,2016-08-14 18:00
0.4658,2016-08-14 17:00
0.4659,2016-08-14 16:00
0.4660,2016-08-14 15:00
0.4661,2016-08-14 14:00
0.4662,2016-08-14 13:00
0.4664,2016-08-14 12:00
0.4665,2016-08-14 11:00
0.4667,2016-08-14 10:00
0.4670,2016-08-14 09:00
0.4673,2016-08-14 08:00
0.4677,2016-08-14 07:00
0.4682,2016-08-14 06:00
0.4690,2016-08-14 05:00
0.4699,2016-08-14 04:00
0.4712,2016-08-14 03:00
0.4730,2016-08-14 02:00
0.4752,2016-08-14 01:00
0.4782,2016-08-14 00:00
0.4820,2016-08-13 23:00
0.4869,2016-08-13 22:00
0.4928,2016-08-13 21:00
0.5000,2016-08-13 20:00
0.5083,2016-08-13 19:00
0.5178,2016-08-13 18:00
0.5281,2016-08-13 17:00
0.5389,2016-08-13 16:00
0.5498,2016-08-13 15:00
0.5602,2016-08-13 14:00
0.5697,2016-08-13 13:00
0.5776,2016-08-13 12:00
0.5834,2016-08-13 11:00
0.5865,2016-08-13 10:00
0.5863,2016-08-13 09:00
0.5825,2016-08-13 08:00
0.5752,2016-08-13 07:00
0.5653,2016-08-13 06:00
0.5531,2016-08-13 05:00
0.5371,2016-08-13 04:00
0.5321,2016-08-13 03:00
0.5420,2016-08-13 02:00
0.5578,2016-08-13 01:00
0.5794,2016-08-13 00:00
0.6069,2016-08-12 23:00
0.6399,2016-08-12 22:00
0.6777,2016-08-12 21:00
0.7193,2016-08-12 20:00
0.7629,2016-08-12 19:00
0.8062,2016-08-12 18:00
0.8463,2016-08-12 17:00
0.8799,2016-08-12 16:00
0.9046,2016-08-12 15:00
0.9190,2016-08-12 14:00
0.9240,2016-08-12 13:00
0.9224,2016-08-12 12:00
0.9191,2016-08-12 11:00
0.9088,2016-08-12 10:00
0.8715,2016-08-12 09:00
0.7925,2016-08-12 08:00
0.6884,2016-08-12 07:00
0.6181,2016-08-12 06:00
0.5967,2016-08-12 05:00
0.6006,2016-08-12 04:00
0.6139,2016-08-12 03:00
0.6270,2016-08-12 02:00
0.6375,2016-08-12 01:00
0.6453,2016-08-12 00:00
0.6508,2016-08-11 23:00
0.6546,2016-08-11 22:00
0.6579,2016-08-11 21:00
0.6610,2016-08-11 20:00
0.6605,2016-08-11 19:00
0.6488,2016-08-11 18:00
0.6179,2016-08-11 17:00
0.5643,2016-08-11 16:00
0.5039,2016-08-11 15:00
0.4741,2016-08-11 14:00
0.4726,2016-08-11 13:00
0.4728,2016-08-11 12:00
0.4729,2016-08-11 11:00
0.4731,2016-08-11 10:00
0.4733,2016-08-11 09:00
0.4735,2016-08-11 08:00
0.4736,2016-08-11 07:00
0.4738,2016-08-11 06:00
0.4740,2016-08-11 05:00
0.4741,2016-08-11 04:00
0.4743,2016-08-11 03:00
0.4745,2016-08-11 02:00
0.4746,2016-08-11 01:00
0.4748,2016-08-11 00:00
0.4750,2016-08-10 23:00
0.4751,2016-08-10 22:00
0.4753,2016-08-10 21:00
0.4755,2016-08-10 20:00
0.4756,2016-08-10 19:00
0.4758,2016-08-10 18:00
0.4759,2016-08-10 17:00
0.4761,2016-08-10 16:00
0.4763,2016-08-10 15:00
0.4764,2016-08-10 14:00
0.4766,2016-08-10 13:00
0.4767,2016-08-10 12:00
0.4769,2016-08-10 11:00
0.4771,2016-08-10 10:00
0.4772,2016-08-10 09:00
0.4774,2016-08-10 08:00
0.4775,2016-08-10 07:00
0.4777,2016-08-10 06:00
0.4778,2016-08-10 05:00
0.4780,2016-08-10 04:00
0.4781,2016-08-10 03:00
0.4783,2016-08-10 02:00
0.4784,2016-08-10 01:00
0.4786,2016-08-10 00:00
0.4787,2016-08-09 23:00
0.4789,2016-08-09 22:00
0.4790,2016-08-09 21:00
0.4792,2016-08-09 20:00
0.4793,2016-08-09 19:00
0.4795,2016-08-09 18:00
0.4796,2016-08-09 17:00
0.4798,2016-08-09 16:00
0.4799,2016-08-09 15:00
0.4801,2016-08-09 14:00
0.4802,2016-08-09 13:00
0.4804,2016-08-09 12:00
0.4805,2016-08-09 11:00
0.4806,2016-08-09 10:00
0.4808,2016-08-09 09:00
0.4809,2016-08-09 08:00
0.4811,2016-08-09 07:00
0.4812,2016-08-09 06:00
0.4813,2016-08-09 05:00
0.4815,2016-08-09 04:00
0.4816,2016-08-09 03:00
0.4817,2016-08-09 02:00
0.4819,2016-08-09 01:00
0.4820,2016-08-09 00:00
0.4821,2016-08-08 23:00
0.4823,2016-08-08 22:00
0.4824,2016-08-08 21:00
0.4825,2016-08-08 20:00
0.4827,2016-08-08 19:00
0.4828,2016-08-08 18:00
0.4829,2016-08-08 17:00
0.4831,2016-08-08 16:00
0.4832,2016-08-08 15:00
0.4833,2016-08-08 14:00
0.4834,2016-08-08 13:00
0.4836,2016-08-08 12:00
0.4837,2016-08-08 11:00
0.4838,2016-08-08 10:00
0.4839,2016-08-08 09:00
0.4841,2016-08-08 08:00
0.4842,2016-08-08 07:00
0.4843,2016-08-08 06:00
0.4844,2016-08-08 05:00
0.4846,2016-08-08 04:00
0.4847,2016-08-08 03:00
0.4848,2016-08-08 02:00
0.4849,2016-08-08 01:00
0.4850,2016-08-08 00:00
0.4851,2016-08-07 23:00
0.4853,2016-08-07 22:00
0.4854,2016-08-07 21:00
0.4855,2016-08-07 20:00
0.4856,2016-08-07 19:00
0.4857,2016-08-07 18:00
0.4858,2016-08-07 17:00
0.4859,2016-08-07 16:00
0.4860,2016-08-07 15:00
0.4862,2016-08-07 14:00
0.4863,2016-08-07 13:00
0.4864,2016-08-07 12:00
0.4865,2016-08-07 11:00
0.4866,2016-08-07 10:00
0.4867,2016-08-07 09:00
0.4868,2016-08-07 08:00
0.4869,2016-08-07 07:00
0.4870,2016-08-07 06:00
0.4871,2016-08-07 05:00
0.4872,2016-08-07 04:00
0.4873,2016-08-07 03:00
0.4874,2016-08-07 02:00
0.4875,2016-08-07 01:00
0.4876,2016-08-07 00:00
0.4877,2016-08-06 23:00
0.4878,2016-08-06 22:00
0.4879,2016-08-06 21:00
0.4880,2016-08-06 20:00
0.4881,2016-08-06 19:00
0.4882,2016-08-06 18:00
0.4883,2016-08-06 17:00
0.4884,2016-08-06 16:00
0.4886,2016-08-06 15:00
0.4887,2016-08-06 14:00
0.4889,2016-08-06 13:00
0.4891,2016-08-06 12:00
0.4894,2016-08-06 11:00
0.4897,2016-08-06 10:00
0.4901,2016-08-06 09:00
0.4907,2016-08-06 08:00
0.4915,2016-08-06 07:00
0.4926,2016-08-06 06:00
0.4940,2016-08-06 05:00
0.4961,2016-08-06 04:00
0.4988,2016-08-06 03:00
0.5026,2016-08-06 02:00
0.5077,2016-08-06 01:00
0.5145,2016-08-06 00:00
0.5234,2016-08-05 23:00
0.5349,2016-08-05 22:00
0.5496,2016-08-05 21:00
0.5678,2016-08-05 20:00
0.5900,2016-08-05 19:00
0.6164,2016-08-05 18:00
0.6469,2016-08-05 17:00
0.6809,2016-08-05 16:00
0.7174,2016-08-05 15:00
0.7547,2016-08-05 14:00
0.7905,2016-08-05 13:00
0.8222,2016-08-05 12:00
0.8472,2016-08-05 11:00
0.8631,2016-08-05 10:00
0.8688,2016-08-05 09:00
0.8651,2016-08-05 08:00
0.8560,2016-08-05 07:00
0.8438,2016-08-05 06:00
0.8192,2016-08-05 05:00
0.7635,2016-08-05 04:00
0.6694,2016-08-05 03:00
0.5488,2016-08-05 02:00
0.4921,2016-08-05 01:00
0.4922,2016-08-05 00:00
0.4923,2016-08-04 23:00
0.4925,2016-08-04 22:00
0.4926,2016-08-04 21:00
0.4927,2016-08-04 20:00
0.4928,2016-08-04 19:00
0.4929,2016-08-04 18:00
0.4930,2016-08-04 17:00
0.4932,2016-08-04 16:00
0.4933,2016-08-04 15:00
0.4934,2016-08-04 14:00
0.4935,2016-08-04 13:00
0.4937,2016-08-04 12:00
0.4938,2016-08-04 11:00
0.4939,2016-08-04 10:00
0.4940,2016-08-04 09:00
0.4942,2016-08-04 08:00
0.4943,2016-08-04 07:00
0.4944,2016-08-04 06:00
0.4945,2016-08-04 05:00
0.4946,2016-08-04 04:00
0.4947,2016-08-04 03:00
0.4949,2016-08-04 02:00
0.4950,2016-08-04 01:00
0.4951,2016-08-04 00:00
0.4952,2016-08-03 23:00
0.4953,2016-08-03 22:00
0.4954,2016-08-03 21:00
0.4955,2016-08-03 20:00
0.4957,2016-08-03 19:00
0.4958,2016-08-03 18:00
0.4959,2016-08-03 17:00
0.4960,2016-08-03 16:00
0.4961,2016-08-03 15:00
0.4962,2016-08-03 14:00
0.4963,2016-08-03 13:00
0.4964,2016-08-03 12:00
0.4965,2016-08-03 11:00
0.4966,2016-08-03 10:00
0.4967,2016-08-03 09:00
0.4968,2016-08-03 08:00
0.4969,2016-08-03 07:00
0.4970,2016-08-03 06:00
0.4971,2016-08-03 05:00
0.4972,2016-08-03 04:00
0.4973,2016-08-03 03:00
0.4974,2016-08-03 02:00
0.4975,2016-08-03 01:00
0.4976,2016-08-03 00:00
0.4977,2016-08-02 23:00
0.4978,2016-08-02 22:00
0.4979,2016-08-02 21:00
0.4980,2016-08-02 20:00
0.4981,2016-08-02 19:00
0.4982,2016-08-02 18:00
0.4983,2016-08-02 17:00
0.4984,2016-08-02 16:00
0.4984,2016-08-02 15:00
0.4985,2016-08-02 14:00
0.4986,2016-08-02 13:00
0.4987,2016-08-02 12:00
0.4988,2016-08-02 11:00
0.4989,2016-08-02 10:00
0.4990,2016-08-02 09:00
0.4990,2016-08-02 08:00
0.4991,2016-08-02 07:00
0.4992,2016-08-02 06:00
0.4993,2016-08-02 05:00
0.4994,2016-08-02 04:00
0.4994,2016-08-02 03:00
0.4995,2016-08-02 02:00
0.4996,2016-08-02 01:00
0.4997,2016-08-02 00:00
0.4997,2016-08-01 23:00
0.4998,2016-08-01 22:00
0.4999,2016-08-01 21:00
0.4999,2016-08-01 20:00
0.5000,2016-08-01 19:00
0.5001,2016-08-01 18:00
0.5002,2016-08-01 17:00
0.5002,2016-08-01 16:00
0.5003,2016-08-01 15:00
0.5004,2016-08-01 14:00
0.5004,2016-08-01 13:00
0.5005,2016-08-01 12:00
0.5006,2016-08-01 11:00
0.5006,2016-08-01 10:00
0.5007,2016-08-01 09:00
0.5008,2016-08-01 08:00
0.5008,2016-08-01 07:00
0.5009,2016-08-01 06:00
0.5010,2016-08-01 05:00
0.5011,2016-08-01 04:00
0.5012,2016-08-01 03:00
0.5013,2016-08-01 02:00
0.5014,2016-08-01 01:00
0.5016,2016-08-01 00:00
0.5018,2016-07-31 23:00
0.5021,2016-07-31 22:00
0.5025,2016-07-31 21:00
0.5031,2016-07-31 20:00
0.5039,2016-07-31 19:00
0.5050,2016-07-31 18:00
0.5066,2016-07-31 17:00
0.5087,2016-07-31 16:00
0.5115,2016-07-31 15:00
0.5152,2016-07-31 14:00
0.5199,2016-07-31 13:00
0.5256,2016-07-31 12:00
0.5325,2016-07-31 11:00
0.5404,2016-07-31 10:00
0.5492,2016-07-31 09:00
0.5586,2016-07-31 08:00
0.5684,2016-07-31 07:00
0.5780,2016-07-31 06:00
0.5870,2016-07-31 05:00
0.5953,2016-07-31 04:00
0.6029,2016-07-31 03:00
0.6106,2016-07-31 02:00
0.6180,2016-07-31 01:00
0.6217,2016-07-31 00:00
0.6161,2016-07-30 23:00
0.5988,2016-07-30 22:00
0.5730,2016-07-30 21:00
0.5320,2016-07-30 20:00
0.5049,2016-07-30 19:00
0.5028,2016-07-30 18:00
0.5029,2016-07-30 17:00
0.5029,2016-07-30 16:00
0.5029,2016-07-30 15:00
0.5030,2016-07-30 14:00
0.5030,2016-07-30 13:00
0.5031,2016-07-30 12:00
0.5031,2016-07-30 11:00
0.5031,2016-07-30 10:00
0.5032,2016-07-30 09:00
0.5032,2016-07-30 08:00
0.5032,2016-07-30 07:00
0.5033,2016-07-30 06:00
0.5033,2016-07-30 05:00
0.5033,2016-07-30 04:00
0.5033,2016-07-30 03:00
0.5034,2016-07-30 02:00
0.5034,2016-07-30 01:00
0.5034,2016-07-30 00:00
0.5035,2016-07-29 23:00
0.5035,2016-07-29 22:00
0.5036,2016-07-29 21:00
0.5036,2016-07-29 20:00
0.5037,2016-07-29 19:00
0.5038,2016-07-29 18:00
0.5040,2016-07-29 17:00
0.5042,2016-07-29 16:00
0.5044,2016-07-29 15:00
0.5046,2016-07-29 14:00
0.5049,2016-07-29 13:00
0.5053,2016-07-29 12:00
0.5055,2016-07-29 11:00
0.5058,2016-07-29 10:00
0.5059,2016-07-29 09:00
0.5059,2016-07-29 08:00
0.5058,2016-07-29 07:00
0.5055,2016-07-29 06:00
0.5051,2016-07-29 05:00
0.5046,2016-07-29 04:00
0.5042,2016-07-29 03:00
0.5039,2016-07-29 02:00
0.5037,2016-07-29 01:00
0.5036,2016-07-29 00:00
0.5036,2016-07-28 23:00
0.5035,2016-07-28 22:00
0.5035,2016-07-28 21:00
0.5035,2016-07-28 20:00
0.5035,2016-07-28 19:00
0.5035,2016-07-28 18:00
0.5035,2016-07-28 17:00
0.5034,2016-07-28 16:00
0.5034,2016-07-28 15:00
0.5034,2016-07-28 14:00
0.5034,2016-07-28 13:00
0.5033,2016-07-28 12:00
0.5033,2016-07-28 11:00
0.5033,2016-07-28 10:00
0.5033,2016-07-28 09:00
0.5032,2016-07-28 08:00
0.5032,2016-07-28 07:00
0.5032,2016-07-28 06:00
0.5031,2016-07-28 05:00
0.5031,2016-07-28 04:00
0.5031,2016-07-28 03:00
0.5030,2016-07-28 02:00
0.5030,2016-07-28 01:00
0.5029,2016-07-28 00:00
0.5029,2016-07-27 23:00
0.5029,2016-07-27 22:00
0.5028,2016-07-27 21:00
0.5028,2016-07-27 20:00
0.5027,2016-07-27 19:00
0.5027,2016-07-27 18:00
0.5026,2016-07-27 17:00
0.5026,2016-07-27 16:00
0.5025,2016-07-27 15:00
0.5025,2016-07-27 14:00
0.5024,2016-07-27 13:00
0.5023,2016-07-27 12:00
0.5023,2016-07-27 11:00
0.5022,2016-07-27 10:00
0.5021,2016-07-27 09:00
0.5021,2016-07-27 08:00
0.5020,2016-07-27 07:00
0.5019,2016-07-27 06:00
0.5019,2016-07-27 05:00
0.5018,2016-07-27 04:00
0.5017,2016-07-27 03:00
0.5017,2016-07-27 02:00
0.5016,2016-07-27 01:00
0.5015,2016-07-27 00:00
0.5014,2016-07-26 23:00
0.5013,2016-07-26 22:00
0.5013,2016-07-26 21:00
0.5012,2016-07-26 20:00
0.5011,2016-07-26 19:00
0.5010,2016-07-26 18:00
0.5009,2016-07-26 17:00
0.5008,2016-07-26 16:00
0.5007,2016-07-26 15:00
0.5007,2016-07-26 14:00
0.5006,2016-07-26 13:00
0.5005,2016-07-26 12:00
0.5004,2016-07-26 11:00
0.5003,2016-07-26 10:00
0.5002,2016-07-26 09:00
0.5001,2016-07-26 08:00
0.5000,2016-07-26 07:00
0.4999,2016-07-26 06:00
0.4998,2016-07-26 05:00
0.4997,2016-07-26 04:00
0.4997,2016-07-26 03:00
0.4996,2016-07-26 02:00
0.4995,2016-07-26 01:00
0.4995,2016-07-26 00:00
0.4995,2016-07-25 23:00
0.4996,2016-07-25 22:00
0.4997,2016-07-25 21:00
0.4999,2016-07-25 20:00
0.5002,2016-07-25 19:00
0.5007,2016-07-25 18:00
0.5013,2016-07-25 17:00
0.5022,2016-07-25 16:00
0.5034,2016-07-25 15:00
0.5050,2016-07-25 14:00
0.5072,2016-07-25 13:00
0.5101,2016-07-25 12:00
0.5138,2016-07-25 11:00
0.5186,2016-07-25 10:00
0.5249,2016-07-25 09:00
0.5328,2016-07-25 08:00
0.5430,2016-07-25 07:00
0.5558,2016-07-25 06:00
0.5718,2016-07-25 05:00
0.5919,2016-07-25 04:00
0.6168,2016-07-25 03:00
0.6478,2016-07-25 02:00
0.6860,2016-07-25 01:00
0.7332,2016-07-25 00:00
0.7915,2016-07-24 23:00
0.8633,2016-07-24 22:00
0.9518,2016-07-24 21:00
1.0610,2016-07-24 20:00
1.1959,2016-07-24 19:00
1.3628,2016-07-24 18:00
1.5696,2016-07-24 17:00
1.8263,2016-07-24 16:00
2.1452,2016-07-24 15:00
2.5411,2016-07-24 14:00
3.0317,2016-07-24 13:00
3.6367,2016-07-24 12:00
4.3759,2016-07-24 11:00
5.2649,2016-07-24 10:00
6.3072,2016-07-24 09:00
7.4831,2016-07-24 08:00
8.7377,2016-07-24 07:00
9.9789,2016-07-24 06:00
11.0956,2016-07-24 05:00
11.9936,2016-07-24 04:00
12.6004,2016-07-24 03:00
12.7751,2016-07-24 02:00
12.2514,2016-07-24 01:00
10.9578,2016-07-24 00:00
9.2494,2016-07-23 23:00
7.6693,2016-07-23 22:00
6.4147,2016-07-23 21:00
5.1807,2016-07-23 20:00
3.6802,2016-07-23 19:00
2.1942,2016-07-23 18:00
1.3322,2016-07-23 17:00
0.9046,2016-07-23 16:00
0.6314,2016-07-23 15:00
0.5146,2016-07-23 14:00
0.4938,2016-07-23 13:00
0.4941,2016-07-23 12:00
0.4945,2016-07-23 11:00
0.4952,2016-07-23 10:00
0.4961,2016-07-23 09:00
0.4973,2016-07-23 08:00
0.4991,2016-07-23 07:00
0.5015,2016-07-23 06:00
0.5049,2016-07-23 05:00
0.5094,2016-07-23 04:00
0.5154,2016-07-23 03:00
0.5232,2016-07-23 02:00
0.5332,2016-07-23 01:00
0.5458,2016-07-23 00:00
0.5613,2016-07-22 23:00
0.5798,2016-07-22 22:00
0.6016,2016-07-22 21:00
0.6265,2016-07-22 20:00
0.6545,2016-07-22 19:00
0.6852,2016-07-22 18:00
0.7180,2016-07-22 17:00
0.7522,2016-07-22 16:00
0.7861,2016-07-22 15:00
0.8169,2016-07-22 14:00
0.8410,2016-07-22 13:00
0.8559,2016-07-22 12:00
0.8618,2016-07-22 11:00
0.8594,2016-07-22 10:00
0.8393,2016-07-22 09:00
0.7834,2016-07-22 08:00
0.6839,2016-07-22 07:00
0.5543,2016-07-22 06:00
0.4947,2016-07-22 05:00
0.4948,2016-07-22 04:00
0.4949,2016-07-22 03:00
0.4950,2016-07-22 02:00
0.4951,2016-07-22 01:00
0.4952,2016-07-22 00:00
0.4953,2016-07-21 23:00
0.4955,2016-07-21 22:00
0.4957,2016-07-21 21:00
0.4960,2016-07-21 20:00
0.4963,2016-07-21 19:00
0.4968,2016-07-21 18:00
0.4975,2016-07-21 17:00
0.4983,2016-07-21 16:00
0.4994,2016-07-21 15:00
0.5008,2016-07-21 14:00
0.5026,2016-07-21 13:00
0.5047,2016-07-21 12:00
0.5073,2016-07-21 11:00
0.5102,2016-07-21 10:00
0.5134,2016-07-21 09:00
0.5166,2016-07-21 08:00
0.5197,2016-07-21 07:00
0.5224,2016-07-21 06:00
0.5244,2016-07-21 05:00
0.5257,2016-07-21 04:00
0.5261,2016-07-21 03:00
0.5260,2016-07-21 02:00
0.5255,2016-07-21 01:00
0.5251,2016-07-21 00:00
0.5253,2016-07-20 23:00
0.5262,2016-07-20 22:00
0.5279,2016-07-20 21:00
0.5306,2016-07-20 20:00
0.5344,2016-07-20 19:00
0.5400,2016-07-20 18:00
0.5520,2016-07-20 17:00
0.5708,2016-07-20 16:00
0.5949,2016-07-20 15:00
0.6253,2016-07-20 14:00
0.6630,2016-07-20 13:00
0.7090,2016-07-20 12:00
0.7640,2016-07-20 11:00
0.8280,2016-07-20 10:00
0.9002,2016-07-20 09:00
0.9783,2016-07-20 08:00
1.0581,2016-07-20 07:00
1.1332,2016-07-20 06:00
1.1957,2016-07-20 05:00
1.2374,2016-07-20 04:00
1.2524,2016-07-20 03:00
1.2410,2016-07-20 02:00
1.2110,2016-07-20 01:00
1.1725,2016-07-20 00:00
1.1190,2016-07-19 23:00
1.0172,2016-07-19 22:00
0.8482,2016-07-19 21:00
0.6614,2016-07-19 20:00
0.5356,2016-07-19 19:00
0.4972,2016-07-19 18:00
0.4972,2016-07-19 17:00
0.4973,2016-07-19 16:00
0.4974,2016-07-19 15:00
0.4975,2016-07-19 14:00
0.4975,2016-07-19 13:00
0.4976,2016-07-19 12:00
0.4977,2016-07-19 11:00
0.4978,2016-07-19 10:00
0.4978,2016-07-19 09:00
0.4979,2016-07-19 08:00
0.4980,2016-07-19 07:00
0.4981,2016-07-19 06:00
0.4982,2016-07-19 05:00
0.4983,2016-07-19 04:00
0.4984,2016-07-19 03:00
0.4985,2016-07-19 02:00
0.4987,2016-07-19 01:00
0.4988,2016-07-19 00:00
0.4991,2016-07-18 23:00
0.4994,2016-07-18 22:00
0.4998,2016-07-18 21:00
0.5004,2016-07-18 20:00
0.5012,2016-07-18 19:00
0.5023,2016-07-18 18:00
0.5038,2016-07-18 17:00
0.5059,2016-07-18 16:00
0.5089,2016-07-18 15:00
0.5129,2016-07-18 14:00
0.5183,2016-07-18 13:00
0.5256,2016-07-18 12:00
0.5353,2016-07-18 11:00
0.5480,2016-07-18 10:00
0.5645,2016-07-18 09:00
0.5856,2016-07-18 08:00
0.6123,2016-07-18 07:00
0.6457,2016-07-18 06:00
0.6869,2016-07-18 05:00
0.7369,2016-07-18 04:00
0.7964,2016-07-18 03:00
0.8658,2016-07-18 02:00
0.9442,2016-07-18 01:00
1.0298,2016-07-18 00:00
1.1186,2016-07-17 23:00
1.2038,2016-07-17 22:00
1.2757,2016-07-17 21:00
1.3228,2016-07-17 20:00
1.3406,2016-07-17 19:00
1.3278,2016-07-17 18:00
1.2890,2016-07-17 17:00
1.2375,2016-07-17 16:00
1.1734,2016-07-17 15:00
1.0706,2016-07-17 14:00
0.9065,2016-07-17 13:00
0.7168,2016-07-17 12:00
0.5836,2016-07-17 11:00
0.5223,2016-07-17 10:00
0.5038,2016-07-17 09:00
0.5017,2016-07-17 08:00
0.5019,2016-07-17 07:00
0.5020,2016-07-17 06:00
0.5022,2016-07-17 05:00
0.5023,2016-07-17 04:00
0.5025,2016-07-17 03:00
0.5026,2016-07-17 02:00
0.5028,2016-07-17 01:00
0.5029,2016-07-17 00:00
0.5031,2016-07-16 23:00
0.5032,2016-07-16 22:00
0.5034,2016-07-16 21:00
0.5035,2016-07-16 20:00
0.5037,2016-07-16 19:00
0.5038,2016-07-16 18:00
0.5040,2016-07-16 17:00
0.5041,2016-07-16 16:00
0.5043,2016-07-16 15:00
0.5044,2016-07-16 14:00
0.5045,2016-07-16 13:00
0.5047,2016-07-16 12:00
0.5048,2016-07-16 11:00
0.5050,2016-07-16 10:00
0.5051,2016-07-16 09:00
0.5052,2016-07-16 08:00
0.5054,2016-07-16 07:00
0.5055,2016-07-16 06:00
0.5057,2016-07-16 05:00
0.5058,2016-07-16 04:00
0.5059,2016-07-16 03:00
0.5061,2016-07-16 02:00
0.5062,2016-07-16 01:00
0.5063,2016-07-16 00:00
0.5065,2016-07-15 23:00
0.5066,2016-07-15 22:00
0.5067,2016-07-15 21:00
0.5068,2016-07-15 20:00
0.5070,2016-07-15 19:00
0.5071,2016-07-15 18:00
0.5072,2016-07-15 17:00
0.5074,2016-07-15 16:00
0.5075,2016-07-15 15:00
0.5076,2016-07-15 14:00
0.5077,2016-07-15 13:00
0.5079,2016-07-15 12:00
0.5080,2016-07-15 11:00
0.5081,2016-07-15 10:00
0.5082,2016-07-15 09:00
0.5083,2016-07-15 08:00
0.5085,2016-07-15 07:00
0.5086,2016-07-15 06:00
0.5087,2016-07-15 05:00
0.5088,2016-07-15 04:00
0.5089,2016-07-15 03:00
0.5091,2016-07-15 02:00
0.5092,2016-07-15 01:00
0.5093,2016-07-15 00:00
0.5095,2016-07-14 23:00
0.5097,2016-07-14 22:00
0.5099,2016-07-14 21:00
0.5101,2016-07-14 20:00
0.5104,2016-07-14 19:00
0.5107,2016-07-14 18:00
0.5111,2016-07-14 17:00
0.5116,2016-07-14 16:00
0.5123,2016-07-14 15:00
0.5130,2016-07-14 14:00
0.5139,2016-07-14 13:00
0.5148,2016-07-14 12:00
0.5159,2016-07-14 11:00
0.5171,2016-07-14 10:00
0.5183,2016-07-14 09:00
0.5195,2016-07-14 08:00
0.5208,2016-07-14 07:00
0.5220,2016-07-14 06:00
0.5232,2016-07-14 05:00
0.5244,2016-07-14 04:00
0.5253,2016-07-14 03:00
0.5261,2016-07-14 02:00
0.5265,2016-07-14 01:00
0.5267,2016-07-14 00:00
0.5265,2016-07-13 23:00
0.5256,2016-07-13 22:00
0.5234,2016-07-13 21:00
0.5195,2016-07-13 20:00
0.5147,2016-07-13 19:00
0.5127,2016-07-13 18:00
0.5130,2016-07-13 17:00
0.5134,2016-07-13 16:00
0.5139,2016-07-13 15:00
0.5146,2016-07-13 14:00
0.5156,2016-07-13 13:00
0.5169,2016-07-13 12:00
0.5187,2016-07-13 11:00
0.5211,2016-07-13 10:00
0.5244,2016-07-13 09:00
0.5288,2016-07-13 08:00
0.5346,2016-07-13 07:00
0.5420,2016-07-13 06:00
0.5515,2016-07-13 05:00
0.5632,2016-07-13 04:00
0.5775,2016-07-13 03:00
0.5942,2016-07-13 02:00
0.6134,2016-07-13 01:00
0.6346,2016-07-13 00:00
0.6570,2016-07-12 23:00
0.6795,2016-07-12 22:00
0.7006,2016-07-12 21:00
0.7188,2016-07-12 20:00
0.7326,2016-07-12 19:00
0.7409,2016-07-12 18:00
0.7430,2016-07-12 17:00
0.7394,2016-07-12 16:00
0.7310,2016-07-12 15:00
0.7186,2016-07-12 14:00
0.7013,2016-07-12 13:00
0.6751,2016-07-12 12:00
0.6353,2016-07-12 11:00
0.5853,2016-07-12 10:00
0.5434,2016-07-12 09:00
0.5210,2016-07-12 08:00
0.5152,2016-07-12 07:00
0.5153,2016-07-12 06:00
0.5155,2016-07-12 05:00
0.5157,2016-07-12 04:00
0.5160,2016-07-12 03:00
0.5163,2016-07-12 02:00
0.5168,2016-07-12 01:00
0.5174,2016-07-12 00:00
0.5182,2016-07-11 23:00
0.5193,2016-07-11 22:00
0.5209,2016-07-11 21:00
0.5230,2016-07-11 20:00
0.5259,2016-07-11 19:00
0.5299,2016-07-11 18:00
0.5352,2016-07-11 17:00
0.5423,2016-07-11 16:00
0.5516,2016-07-11 15:00
0.5636,2016-07-11 14:00
0.5788,2016-07-11 13:00
0.5977,2016-07-11 12:00
0.6209,2016-07-11 11:00
0.6484,2016-07-11 10:00
0.6804,2016-07-11 09:00
0.7164,2016-07-11 08:00
0.7554,2016-07-11 07:00
0.7956,2016-07-11 06:00
0.8344,2016-07-11 05:00
0.8685,2016-07-11 04:00
0.8943,2016-07-11 03:00
0.9086,2016-07-11 02:00
0.9098,2016-07-11 01:00
0.8981,2016-07-11 00:00
0.8758,2016-07-10 23:00
0.8444,2016-07-10 22:00
0.8022,2016-07-10 21:00
0.7435,2016-07-10 20:00
0.6681,2016-07-10 19:00
0.5942,2016-07-10 18:00
0.5433,2016-07-10 17:00
0.5219,2016-07-10 16:00
0.5184,2016-07-10 15:00
0.5185,2016-07-10 14:00
0.5186,2016-07-10 13:00
0.5187,2016-07-10 12:00
0.5188,2016-07-10 11:00
0.5189,2016-07-10 10:00
0.5190,2016-07-10 09:00
0.5191,2016-07-10 08:00
0.5192,2016-07-10 07:00
0.5193,2016-07-10 06:00
0.5194,2016-07-10 05:00
0.5195,2016-07-10 04:00
0.5196,2016-07-10 03:00
0.5197,2016-07-10 02:00
0.5198,2016-07-10 01:00
0.5199,2016-07-10 00:00
0.5200,2016-07-09 23:00
0.5201,2016-07-09 22:00
0.5202,2016-07-09 21:00
0.5203,2016-07-09 20:00
0.5204,2016-07-09 19:00
0.5204,2016-07-09 18:00
0.5205,2016-07-09 17:00
0.5206,2016-07-09 16:00
0.5207,2016-07-09 15:00
0.5208,2016-07-09 14:00
0.5209,2016-07-09 13:00
0.5210,2016-07-09 12:00
0.5211,2016-07-09 11:00
0.5212,2016-07-09 10:00
0.5213,2016-07-09 09:00
0.5214,2016-07-09 08:00
0.5215,2016-07-09 07:00
0.5217,2016-07-09 06:00
0.5219,2016-07-09 05:00
0.5221,2016-07-09 04:00
0.5224,2016-07-09 03:00
0.5228,2016-07-09 02:00
0.5233,2016-07-09 01:00
0.5239,2016-07-09 00:00
0.5247,2016-07-08 23:00
0.5257,2016-07-08 22:00
0.5270,2016-07-08 21:00
0.5286,2016-07-08 20:00
0.5305,2016-07-08 19:00
0.5327,2016-07-08 18:00
0.5354,2016-07-08 17:00
0.5384,2016-07-08 16:00
0.5419,2016-07-08 15:00
0.5460,2016-07-08 14:00
0.5510,2016-07-08 13:00
0.5571,2016-07-08 12:00
0.5647,2016-07-08 11:00
0.5741,2016-07-08 10:00
0.5857,2016-07-08 09:00
0.5998,2016-07-08 08:00
0.6166,2016-07-08 07:00
0.6362,2016-07-08 06:00
0.6583,2016-07-08 05:00
0.6814,2016-07-08 04:00
0.7026,2016-07-08 03:00
0.7319,2016-07-08 02:00
0.7703,2016-07-08 01:00
0.8081,2016-07-08 00:00
0.8418,2016-07-07 23:00
0.8674,2016-07-07 22:00
0.8812,2016-07-07 21:00
0.8813,2016-07-07 20:00
0.8693,2016-07-07 19:00
0.8496,2016-07-07 18:00
0.8268,2016-07-07 17:00
0.8021,2016-07-07 16:00
0.7698,2016-07-07 15:00
0.7239,2016-07-07 14:00
0.6582,2016-07-07 13:00
0.5809,2016-07-07 12:00
0.5378,2016-07-07 11:00
0.5318,2016-07-07 10:00
0.5349,2016-07-07 09:00
0.5391,2016-07-07 08:00
0.5448,2016-07-07 07:00
0.5523,2016-07-07 06:00
0.5623,2016-07-07 05:00
0.5753,2016-07-07 04:00
0.5920,2016-07-07 03:00
0.6133,2016-07-07 02:00
0.6401,2016-07-07 01:00
0.6734,2016-07-07 00:00
0.7141,2016-07-06 23:00
0.7630,2016-07-06 22:00
0.8205,2016-07-06 21:00
0.8861,2016-07-06 20:00
0.9582,2016-07-06 19:00
1.0332,2016-07-06 18:00
1.1056,2016-07-06 17:00
1.1682,2016-07-06 16:00
1.2136,2016-07-06 15:00
1.2362,2016-07-06 14:00
1.2336,2016-07-06 13:00
1.2107,2016-07-06 12:00
1.1853,2016-07-06 11:00
1.1737,2016-07-06 10:00
1.1454,2016-07-06 09:00
1.0399,2016-07-06 08:00
0.8427,2016-07-06 07:00
0.6224,2016-07-06 06:00
0.5298,2016-07-06 05:00
0.5288,2016-07-06 04:00
0.5281,2016-07-06 03:00
0.5283,2016-07-06 02:00
0.5285,2016-07-06 01:00
0.5287,2016-07-06 00:00
0.5289,2016-07-05 23:00
0.5291,2016-07-05 22:00
0.5293,2016-07-05 21:00
0.5295,2016-07-05 20:00
0.5297,2016-07-05 19:00
0.5299,2016-07-05 18:00
0.5301,2016-07-05 17:00
0.5303,2016-07-05 16:00
0.5305,2016-07-05 15:00
0.5307,2016-07-05 14:00
0.5309,2016-07-05 13:00
0.5311,2016-07-05 12:00
0.5313,2016-07-05 11:00
0.5314,2016-07-05 10:00
0.5316,2016-07-05 09:00
0.5318,2016-07-05 08:00
0.5320,2016-07-05 07:00
0.5322,2016-07-05 06:00
0.5324,2016-07-05 05:00
0.5326,2016-07-05 04:00
0.5328,2016-07-05 03:00
0.5329,2016-07-05 02:00
0.5331,2016-07-05 01:00
0.5333,2016-07-05 00:00
0.5335,2016-07-04 23:00
0.5337,2016-07-04 22:00
0.5339,2016-07-04 21:00
0.5340,2016-07-04 20:00
0.5342,2016-07-04 19:00
0.5344,2016-07-04 18:00
0.5346,2016-07-04 17:00
0.5348,2016-07-04 16:00
0.5349,2016-07-04 15:00
0.5351,2016-07-04 14:00
0.5353,2016-07-04 13:00
0.5355,2016-07-04 12:00
0.5356,2016-07-04 11:00
0.5358,2016-07-04 10:00
0.5360,2016-07-04 09:00
0.5362,2016-07-04 08:00
0.5363,2016-07-04 07:00
0.5365,2016-07-04 06:00
0.5367,2016-07-04 05:00
0.5369,2016-07-04 04:00
0.5370,2016-07-04 03:00
0.5372,2016-07-04 02:00
0.5374,2016-07-04 01:00
0.5375,2016-07-04 00:00
0.5377,2016-07-03 23:00
0.5379,2016-07-03 22:00
0.5380,2016-07-03 21:00
0.5382,2016-07-03 20:00
0.5384,2016-07-03 19:00
0.5385,2016-07-03 18:00
0.5387,2016-07-03 17:00
0.5389,2016-07-03 16:00
0.5390,2016-07-03 15:00
0.5392,2016-07-03 14:00
0.5393,2016-07-03 13:00
0.5395,2016-07-03 12:00
0.5397,2016-07-03 11:00
0.5398,2016-07-03 10:00
0.5400,2016-07-03 09:00
0.5401,2016-07-03 08:00
0.5403,2016-07-03 07:00
0.5405,2016-07-03 06:00
0.5406,2016-07-03 05:00
0.5408,2016-07-03 04:00
0.5409,2016-07-03 03:00
0.5411,2016-07-03 02:00
0.5412,2016-07-03 01:00
0.5414,2016-07-03 00:00
0.5415,2016-07-02 23:00
0.5417,2016-07-02 22:00
0.5418,2016-07-02 21:00
0.5420,2016-07-02 20:00
0.5421,2016-07-02 19:00
0.5423,2016-07-02 18:00
0.5424,2016-07-02 17:00
0.5426,2016-07-02 16:00
0.5427,2016-07-02 15:00
0.5429,2016-07-02 14:00
0.5430,2016-07-02 13:00
0.5431,2016-07-02 12:00
0.5433,2016-07-02 11:00
0.5434,2016-07-02 10:00
0.5436,2016-07-02 09:00
0.5437,2016-07-02 08:00
0.5439,2016-07-02 07:00
0.5440,2016-07-02 06:00
0.5442,2016-07-02 05:00
0.5444,2016-07-02 04:00
0.5446,2016-07-02 03:00
0.5448,2016-07-02 02:00
0.5451,2016-07-02 01:00
0.5454,2016-07-02 00:00
0.5458,2016-07-01 23:00
0.5462,2016-07-01 22:00
0.5468,2016-07-01 21:00
0.5476,2016-07-01 20:00
0.5485,2016-07-01 19:00
0.5497,2016-07-01 18:00
0.5511,2016-07-01 17:00
0.5528,2016-07-01 16:00
0.5548,2016-07-01 15:00
0.5570,2016-07-01 14:00
0.5593,2016-07-01 13:00
0.5616,2016-07-01 12:00
0.5639,2016-07-01 11:00
0.5659,2016-07-01 10:00
0.5677,2016-07-01 09:00
0.5692,2016-07-01 08:00
0.5704,2016-07-01 07:00
0.5714,2016-07-01 06:00
0.5722,2016-07-01 05:00
0.5729,2016-07-01 04:00
0.5734,2016-07-01 03:00
0.5736,2016-07-01 02:00
0.5728,2016-07-01 01:00
0.5702,2016-07-01 00:00
0.5642,2016-06-30 23:00
0.5532,2016-06-30 22:00
0.5472,2016-06-30 21:00
0.5473,2016-06-30 20:00
0.5473,2016-06-30 19:00
0.5474,2016-06-30 18:00
0.5474,2016-06-30 17:00
0.5474,2016-06-30 16:00
0.5475,2016-06-30 15:00
0.5475,2016-06-30 14:00
0.5476,2016-06-30 13:00
0.5476,2016-06-30 12:00
0.5476,2016-06-30 11:00
0.5477,2016-06-30 10:00
0.5477,2016-06-30 09:00
0.5477,2016-06-30 08:00
0.5478,2016-06-30 07:00
0.5478,2016-06-30 06:00
0.5478,2016-06-30 05:00
0.5479,2016-06-30 04:00
0.5479,2016-06-30 03:00
0.5479,2016-06-30 02:00
0.5480,2016-06-30 01:00
0.5480,2016-06-30 00:00
0.5480,2016-06-29 23:00
0.5480,2016-06-29 22:00
0.5481,2016-06-29 21:00
0.5481,2016-06-29 20:00
0.5481,2016-06-29 19:00
0.5482,2016-06-29 18:00
0.5482,2016-06-29 17:00
0.5482,2016-06-29 16:00
0.5482,2016-06-29 15:00
0.5482,2016-06-29 14:00
0.5483,2016-06-29 13:00
0.5483,2016-06-29 12:00
0.5483,2016-06-29 11:00
0.5483,2016-06-29 10:00
0.5483,2016-06-29 09:00
0.5484,2016-06-29 08:00
0.5484,2016-06-29 07:00
0.5484,2016-06-29 06:00
0.5484,2016-06-29 05:00
0.5484,2016-06-29 04:00
0.5484,2016-06-29 03:00
0.5484,2016-06-29 02:00
0.5485,2016-06-29 01:00
0.5485,2016-06-29 00:00
0.5485,2016-06-28 23:00
0.5485,2016-06-28 22:00
0.5485,2016-06-28 21:00
0.5485,2016-06-28 20:00
0.5485,2016-06-28 19:00
0.5485,2016-06-28 18:00
0.5485,2016-06-28 17:00
0.5485,2016-06-28 16:00
0.5485,2016-06-28 15:00
0.5485,2016-06-28 14:00
0.5485,2016-06-28 13:00
0.5485,2016-06-28 12:00
0.5485,2016-06-28 11:00
0.5485,2016-06-28 10:00
0.5485,2016-06-28 09:00
0.5485,2016-06-28 08:00
0.5485,2016-06-28 07:00
0.5485,2016-06-28 06:00
0.5485,2016-06-28 05:00
0.5485,2016-06-28 04:00
0.5485,2016-06-28 03:00
0.5486,2016-06-28 02:00
0.5486,2016-06-28 01:00
0.5486,2016-06-28 00:00
0.5487,2016-06-27 23:00
0.5488,2016-06-27 22:00
0.5489,2016-06-27 21:00
0.5491,2016-06-27 20:00
0.5494,2016-06-27 19:00
0.5498,2016-06-27 18:00
0.5503,2016-06-27 17:00
0.5511,2016-06-27 16:00
0.5523,2016-06-27 15:00
0.5539,2016-06-27 14:00
0.5561,2016-06-27 13:00
0.5592,2016-06-27 12:00
0.5635,2016-06-27 11:00
0.5693,2016-06-27 10:00
0.5771,2016-06-27 09:00
0.5874,2016-06-27 08:00
0.6009,2016-06-27 07:00
0.6184,2016-06-27 06:00
0.6406,2016-06-27 05:00
0.6685,2016-06-27 04:00
0.7028,2016-06-27 03:00
0.7444,2016-06-27 02:00
0.7936,2016-06-27 01:00
0.8503,2016-06-27 00:00
0.9137,2016-06-26 23:00
0.9811,2016-06-26 22:00
1.0482,2016-06-26 21:00
1.1083,2016-06-26 20:00
1.1530,2016-06-26 19:00
1.1746,2016-06-26 18:00
1.1708,2016-06-26 17:00
1.1496,2016-06-26 16:00
1.1273,2016-06-26 15:00
1.1142,2016-06-26 14:00
1.0974,2016-06-26 13:00
1.0431,2016-06-26 12:00
0.9278,2016-06-26 11:00
0.7849,2016-06-26 10:00
0.6538,2016-06-26 09:00
0.5706,2016-06-26 08:00
0.5480,2016-06-26 07:00
0.5480,2016-06-26 06:00
0.5480,2016-06-26 05:00
0.5480,2016-06-26 04:00
0.5480,2016-06-26 03:00
0.5481,2016-06-26 02:00
0.5481,2016-06-26 01:00
0.5481,2016-06-26 00:00
0.5481,2016-06-25 23:00
0.5481,2016-06-25 22:00
0.5481,2016-06-25 21:00
0.5481,2016-06-25 20:00
0.5481,2016-06-25 19:00
0.5481,2016-06-25 18:00
0.5481,2016-06-25 17:00
0.5481,2016-06-25 16:00
0.5481,2016-06-25 15:00
0.5481,2016-06-25 14:00
0.5481,2016-06-25 13:00
0.5481,2016-06-25 12:00
0.5481,2016-06-25 11:00
0.5481,2016-06-25 10:00
0.5481,2016-06-25 09:00
0.5481,2016-06-25 08:00
0.5481,2016-06-25 07:00
0.5481,2016-06-25 06:00
0.5481,2016-06-25 05:00
0.5481,2016-06-25 04:00
0.5481,2016-06-25 03:00
0.5481,2016-06-25 02:00
0.5481,2016-06-25 01:00
0.5481,2016-06-25 00:00
0.5481,2016-06-24 23:00
0.5481,2016-06-24 22:00
0.5480,2016-06-24 21:00
0.5480,2016-06-24 20:00
0.5480,2016-06-24 19:00
0.5480,2016-06-24 18:00
0.5480,2016-06-24 17:00
0.5480,2016-06-24 16:00
0.5480,2016-06-24 15:00
0.5480,2016-06-24 14:00
0.5480,2016-06-24 13:00
0.5480,2016-06-24 12:00
0.5481,2016-06-24 11:00
0.5481,2016-06-24 10:00
0.5482,2016-06-24 09:00
0.5483,2016-06-24 08:00
0.5485,2016-06-24 07:00
0.5488,2016-06-24 06:00
0.5492,2016-06-24 05:00
0.5497,2016-06-24 04:00
0.5504,2016-06-24 03:00
0.5512,2016-06-24 02:00
0.5523,2016-06-24 01:00
0.5536,2016-06-24 00:00
0.5550,2016-06-23 23:00
0.5567,2016-06-23 22:00
0.5584,2016-06-23 21:00
0.5602,2016-06-23 20:00
0.5619,2016-06-23 19:00
0.5635,2016-06-23 18:00
0.5651,2016-06-23 17:00
0.5667,2016-06-23 16:00
0.5685,2016-06-23 15:00
0.5709,2016-06-23 14:00
0.5744,2016-06-23 13:00
0.5795,2016-06-23 12:00
0.5870,2016-06-23 11:00
0.5975,2016-06-23 10:00
0.6119,2016-06-23 09:00
0.6305,2016-06-23 08:00
0.6536,2016-06-23 07:00
0.6817,2016-06-23 06:00
0.7151,2016-06-23 05:00
0.7539,2016-06-23 04:00
0.7983,2016-06-23 03:00
0.8478,2016-06-23 02:00
0.9015,2016-06-23 01:00
0.9578,2016-06-23 00:00
1.0139,2016-06-22 23:00
1.0660,2016-06-22 22:00
1.1100,2016-06-22 21:00
1.1421,2016-06-22 20:00
1.1594,2016-06-22 19:00
1.1585,2016-06-22 18:00
1.1356,2016-06-22 17:00
1.0884,2016-06-22 16:00
1.0249,2016-06-22 15:00
0.9706,2016-06-22 14:00
0.9040,2016-06-22 13:00
0.7982,2016-06-22 12:00
0.6776,2016-06-22 11:00
0.5999,2016-06-22 10:00
0.5665,2016-06-22 09:00
0.5505,2016-06-22 08:00
0.5461,2016-06-22 07:00
0.5461,2016-06-22 06:00
0.5460,2016-06-22 05:00
0.5460,2016-06-22 04:00
0.5460,2016-06-22 03:00
0.5460,2016-06-22 02:00
0.5459,2016-06-22 01:00
0.5459,2016-06-22 00:00
0.5459,2016-06-21 23:00
0.5458,2016-06-21 22:00
0.5458,2016-06-21 21:00
0.5458,2016-06-21 20:00
0.5457,2016-06-21 19:00
0.5457,2016-06-21 18:00
0.5457,2016-06-21 17:00
0.5456,2016-06-21 16:00
0.5456,2016-06-21 15:00
0.5456,2016-06-21 14:00
0.5455,2016-06-21 13:00
0.5455,2016-06-21 12:00
0.5454,2016-06-21 11:00
0.5454,2016-06-21 10:00
0.5454,2016-06-21 09:00
0.5453,2016-06-21 08:00
0.5453,2016-06-21 07:00
0.5452,2016-06-21 06:00
0.5452,2016-06-21 05:00
0.5451,2016-06-21 04:00
0.5451,2016-06-21 03:00
0.5450,2016-06-21 02:00
0.5450,2016-06-21 01:00
0.5449,2016-06-21 00:00
0.5449,2016-06-20 23:00
0.5448,2016-06-20 22:00
0.5448,2016-06-20 21:00
0.5447,2016-06-20 20:00
0.5446,2016-06-20 19:00
0.5446,2016-06-20 18:00
0.5445,2016-06-20 17:00
0.5445,2016-06-20 16:00
0.5444,2016-06-20 15:00
0.5443,2016-06-20 14:00
0.5443,2016-06-20 13:00
0.5442,2016-06-20 12:00
0.5441,2016-06-20 11:00
0.5441,2016-06-20 10:00
0.5440,2016-06-20 09:00
0.5439,2016-06-20 08:00
0.5439,2016-06-20 07:00
0.5438,2016-06-20 06:00
0.5437,2016-06-20 05:00
0.5436,2016-06-20 04:00
0.5436,2016-06-20 03:00
0.5435,2016-06-20 02:00
0.5434,2016-06-20 01:00
0.5433,2016-06-20 00:00
0.5433,2016-06-19 23:00
0.5432,2016-06-19 22:00
0.5431,2016-06-19 21:00
0.5430,2016-06-19 20:00
0.5429,2016-06-19 19:00
0.5428,2016-06-19 18:00
0.5428,2016-06-19 17:00
0.5427,2016-06-19 16:00
0.5426,2016-06-19 15:00
0.5425,2016-06-19 14:00
0.5424,2016-06-19 13:00
0.5423,2016-06-19 12:00
0.5422,2016-06-19 11:00
0.5421,2016-06-19 10:00
0.5420,2016-06-19 09:00
0.5419,2016-06-19 08:00
0.5418,2016-06-19 07:00
0.5417,2016-06-19 06:00
0.5416,2016-06-19 05:00
0.5415,2016-06-19 04:00
0.5414,2016-06-19 03:00
0.5413,2016-06-19 02:00
0.5412,2016-06-19 01:00
0.5411,2016-06-19 00:00
0.5410,2016-06-18 23:00
0.5409,2016-06-18 22:00
0.5408,2016-06-18 21:00
0.5407,2016-06-18 20:00
0.5405,2016-06-18 19:00
0.5404,2016-06-18 18:00
0.5403,2016-06-18 17:00
0.5402,2016-06-18 16:00
0.5401,2016-06-18 15:00
0.5400,2016-06-18 14:00
0.5398,2016-06-18 13:00
0.5397,2016-06-18 12:00
0.5396,2016-06-18 11:00
0.5395,2016-06-18 10:00
0.5393,2016-06-18 09:00
0.5392,2016-06-18 08:00
0.5391,2016-06-18 07:00
0.5390,2016-06-18 06:00
0.5388,2016-06-18 05:00
0.5387,2016-06-18 04:00
0.5386,2016-06-18 03:00
0.5384,2016-06-18 02:00
0.5383,2016-06-18 01:00
0.5382,2016-06-18 00:00
0.5380,2016-06-17 23:00
0.5379,2016-06-17 22:00
0.5378,2016-06-17 21:00
0.5376,2016-06-17 20:00
0.5375,2016-06-17 19:00
0.5374,2016-06-17 18:00
0.5372,2016-06-17 17:00
0.5371,2016-06-17 16:00
0.5370,2016-06-17 15:00
0.5369,2016-06-17 14:00
0.5368,2016-06-17 13:00
0.5367,2016-06-17 12:00
0.5366,2016-06-17 11:00
0.5365,2016-06-17 10:00
0.5365,2016-06-17 09:00
0.5365,2016-06-17 08:00
0.5365,2016-06-17 07:00
0.5366,2016-06-17 06:00
0.5367,2016-06-17 05:00
0.5369,2016-06-17 04:00
0.5373,2016-06-17 03:00
0.5377,2016-06-17 02:00
0.5383,2016-06-17 01:00
0.5391,2016-06-17 00:00
0.5401,2016-06-16 23:00
0.5415,2016-06-16 22:00
0.5433,2016-06-16 21:00
0.5456,2016-06-16 20:00
0.5485,2016-06-16 19:00
0.5521,2016-06-16 18:00
0.5568,2016-06-16 17:00
0.5626,2016-06-16 16:00
0.5699,2016-06-16 15:00
0.5789,2016-06-16 14:00
0.5901,2016-06-16 13:00
0.6040,2016-06-16 12:00
0.6210,2016-06-16 11:00
0.6419,2016-06-16 10:00
0.6674,2016-06-16 09:00
0.6985,2016-06-16 08:00
0.7365,2016-06-16 07:00
0.7826,2016-06-16 06:00
0.8388,2016-06-16 05:00
0.9071,2016-06-16 04:00
0.9902,2016-06-16 03:00
1.0915,2016-06-16 02:00
1.2151,2016-06-16 01:00
1.3662,2016-06-16 00:00
1.5514,2016-06-15 23:00
1.7789,2016-06-15 22:00
2.0592,2016-06-15 21:00
2.4054,2016-06-15 20:00
2.8342,2016-06-15 19:00
3.3662,2016-06-15 18:00
4.0267,2016-06-15 17:00
4.8452,2016-06-15 16:00
5.8531,2016-06-15 15:00
7.0776,2016-06-15 14:00
8.5269,2016-06-15 13:00
10.1612,2016-06-15 12:00
11.8475,2016-06-15 11:00
13.3092,2016-06-15 10:00
14.1260,2016-06-15 09:00
13.8831,2016-06-15 08:00
12.4895,2016-06-15 07:00
10.3247,2016-06-15 06:00
7.7069,2016-06-15 05:00
4.7638,2016-06-15 04:00
2.3691,2016-06-15 03:00
1.2541,2016-06-15 02:00
0.8085,2016-06-15 01:00
0.6552,2016-06-15 00:00
0.6159,2016-06-14 23:00
0.5957,2016-06-14 22:00
0.6072,2016-06-14 21:00
0.6296,2016-06-14 20:00
0.6562,2016-06-14 19:00
0.6869,2016-06-14 18:00
0.7214,2016-06-14 17:00
0.7587,2016-06-14 16:00
0.7977,2016-06-14 15:00
0.8366,2016-06-14 14:00
0.8732,2016-06-14 13:00
0.9054,2016-06-14 12:00
0.9313,2016-06-14 11:00
0.9503,2016-06-14 10:00
0.9636,2016-06-14 09:00
0.9739,2016-06-14 08:00
0.9795,2016-06-14 07:00
0.9651,2016-06-14 06:00
0.9043,2016-06-14 05:00
0.7847,2016-06-14 04:00
0.6404,2016-06-14 03:00
0.5483,2016-06-14 02:00
0.5269,2016-06-14 01:00
0.5270,2016-06-14 00:00
0.5273,2016-06-13 23:00
0.5276,2016-06-13 22:00
0.5281,2016-06-13 21:00
0.5287,2016-06-13 20:00
0.5297,2016-06-13 19:00
0.5311,2016-06-13 18:00
0.5329,2016-06-13 17:00
0.5355,2016-06-13 16:00
0.5389,2016-06-13 15:00
0.5435,2016-06-13 14:00
0.5494,2016-06-13 13:00
0.5569,2016-06-13 12:00
0.5661,2016-06-13 11:00
0.5772,2016-06-13 10:00
0.5901,2016-06-13 09:00
0.6047,2016-06-13 08:00
0.6205,2016-06-13 07:00
0.6369,2016-06-13 06:00
0.6528,2016-06-13 05:00
0.6673,2016-06-13 04:00
0.6790,2016-06-13 03:00
0.6867,2016-06-13 02:00
0.6892,2016-06-13 01:00
0.6856,2016-06-13 00:00
0.6759,2016-06-12 23:00
0.6622,2016-06-12 22:00
0.6478,2016-06-12 21:00
0.6354,2016-06-12 20:00
0.6252,2016-06-12 19:00
0.6143,2016-06-12 18:00
0.6026,2016-06-12 17:00
0.6039,2016-06-12 16:00
0.6126,2016-06-12 15:00
0.6178,2016-06-12 14:00
0.6176,2016-06-12 13:00
0.6099,2016-06-12 12:00
0.5882,2016-06-12 11:00
0.5500,2016-06-12 10:00
0.5307,2016-06-12 09:00
0.5327,2016-06-12 08:00
0.5355,2016-06-12 07:00
0.5394,2016-06-12 06:00
0.5446,2016-06-12 05:00
0.5518,2016-06-12 04:00
0.5612,2016-06-12 03:00
0.5737,2016-06-12 02:00
0.5898,2016-06-12 01:00
0.6104,2016-06-12 00:00
0.6361,2016-06-11 23:00
0.6679,2016-06-11 22:00
0.7061,2016-06-11 21:00
0.7514,2016-06-11 20:00
0.8036,2016-06-11 19:00
0.8620,2016-06-11 18:00
0.9250,2016-06-11 17:00
0.9900,2016-06-11 16:00
1.0530,2016-06-11 15:00
1.1092,2016-06-11 14:00
1.1537,2016-06-11 13:00
1.1825,2016-06-11 12:00
1.1950,2016-06-11 11:00
1.1925,2016-06-11 10:00
1.1730,2016-06-11 09:00
1.1230,2016-06-11 08:00
1.0216,2016-06-11 07:00
0.8839,2016-06-11 06:00
0.7499,2016-06-11 05:00
0.6309,2016-06-11 04:00
0.5498,2016-06-11 03:00
0.5257,2016-06-11 02:00
0.5258,2016-06-11 01:00
0.5260,2016-06-11 00:00
0.5262,2016-06-10 23:00
0.5265,2016-06-10 22:00
0.5268,2016-06-10 21:00
0.5273,2016-06-10 20:00
0.5280,2016-06-10 19:00
0.5290,2016-06-10 18:00
0.5303,2016-06-10 17:00
0.5320,2016-06-10 16:00
0.5343,2016-06-10 15:00
0.5374,2016-06-10 14:00
0.5413,2016-06-10 13:00
0.5463,2016-06-10 12:00
0.5525,2016-06-10 11:00
0.5602,2016-06-10 10:00
0.5694,2016-06-10 09:00
0.5804,2016-06-10 08:00
0.5931,2016-06-10 07:00
0.6077,2016-06-10 06:00
0.6239,2016-06-10 05:00
0.6417,2016-06-10 04:00
0.6607,2016-06-10 03:00
0.6804,2016-06-10 02:00
0.7002,2016-06-10 01:00
0.7192,2016-06-10 00:00
0.7363,2016-06-09 23:00
0.7502,2016-06-09 22:00
0.7598,2016-06-09 21:00
0.7648,2016-06-09 20:00
0.7658,2016-06-09 19:00
0.7631,2016-06-09 18:00
0.7540,2016-06-09 17:00
0.7309,2016-06-09 16:00
0.6862,2016-06-09 15:00
0.6224,2016-06-09 14:00
0.5722,2016-06-09 13:00
0.5508,2016-06-09 12:00
0.5442,2016-06-09 11:00
0.5385,2016-06-09 10:00
0.5301,2016-06-09 09:00
0.5261,2016-06-09 08:00
0.5261,2016-06-09 07:00
0.5261,2016-06-09 06:00
0.5262,2016-06-09 05:00
0.5262,2016-06-09 04:00
0.5262,2016-06-09 03:00
0.5262,2016-06-09 02:00
0.5262,2016-06-09 01:00
0.5262,2016-06-09 00:00
0.5262,2016-06-08 23:00
0.5263,2016-06-08 22:00
0.5263,2016-06-08 21:00
0.5263,2016-06-08 20:00
0.5263,2016-06-08 19:00
0.5263,2016-06-08 18:00
0.5263,2016-06-08 17:00
0.5263,2016-06-08 16:00
0.5263,2016-06-08 15:00
0.5263,2016-06-08 14:00
0.5263,2016-06-08 13:00
0.5263,2016-06-08 12:00
0.5263,2016-06-08 11:00
0.5263,2016-06-08 10:00
0.5263,2016-06-08 09:00
0.5263,2016-06-08 08:00
0.5263,2016-06-08 07:00
0.5263,2016-06-08 06:00
0.5263,2016-06-08 05:00
0.5263,2016-06-08 04:00
0.5263,2016-06-08 03:00
0.5263,2016-06-08 02:00
0.5263,2016-06-08 01:00
0.5263,2016-06-08 00:00
0.5263,2016-06-07 23:00
0.5263,2016-06-07 22:00
0.5263,2016-06-07 21:00
0.5263,2016-06-07 20:00
0.5263,2016-06-07 19:00
0.5262,2016-06-07 18:00
0.5262,2016-06-07 17:00
0.5262,2016-06-07 16:00
0.5262,2016-06-07 15:00
0.5262,2016-06-07 14:00
0.5262,2016-06-07 13:00
0.5262,2016-06-07 12:00
0.5262,2016-06-07 11:00
0.5262,2016-06-07 10:00
0.5262,2016-06-07 09:00
0.5262,2016-06-07 08:00
0.5262,2016-06-07 07:00
0.5262,2016-06-07 06:00
0.5263,2016-06-07 05:00
0.5264,2016-06-07 04:00
0.5266,2016-06-07 03:00
0.5269,2016-06-07 02:00
0.5272,2016-06-07 01:00
0.5277,2016-06-07 00:00
0.5284,2016-06-06 23:00
0.5294,2016-06-06 22:00
0.5306,2016-06-06 21:00
0.5322,2016-06-06 20:00
0.5342,2016-06-06 19:00
0.5365,2016-06-06 18:00
0.5392,2016-06-06 17:00
0.5423,2016-06-06 16:00
0.5455,2016-06-06 15:00
0.5487,2016-06-06 14:00
0.5516,2016-06-06 13:00
0.5542,2016-06-06 12:00
0.5562,2016-06-06 11:00
0.5574,2016-06-06 10:00
0.5579,2016-06-06 09:00
0.5578,2016-06-06 08:00
0.5574,2016-06-06 07:00
0.5568,2016-06-06 06:00
0.5564,2016-06-06 05:00
0.5558,2016-06-06 04:00
0.5540,2016-06-06 03:00
0.5498,2016-06-06 02:00
0.5435,2016-06-06 01:00
0.5390,2016-06-06 00:00
0.5409,2016-06-05 23:00
0.5465,2016-06-05 22:00
0.5537,2016-06-05 21:00
0.5628,2016-06-05 20:00
0.5740,2016-06-05 19:00
0.5875,2016-06-05 18:00
0.6035,2016-06-05 17:00
0.6217,2016-06-05 16:00
0.6422,2016-06-05 15:00
0.6647,2016-06-05 14:00
0.6888,2016-06-05 13:00
0.7145,2016-06-05 12:00
0.7415,2016-06-05 11:00
0.7700,2016-06-05 10:00
0.8000,2016-06-05 09:00
0.8319,2016-06-05 08:00
0.8663,2016-06-05 07:00
0.9036,2016-06-05 06:00
0.9402,2016-06-05 05:00
0.9646,2016-06-05 04:00
0.9672,2016-06-05 03:00
0.9323,2016-06-05 02:00
0.8610,2016-06-05 01:00
0.7807,2016-06-05 00:00
0.7711,2016-06-04 23:00
0.8211,2016-06-04 22:00
0.8772,2016-06-04 21:00
0.9350,2016-06-04 20:00
0.9913,2016-06-04 19:00
1.0423,2016-06-04 18:00
1.0841,2016-06-04 17:00
1.1141,2016-06-04 16:00
1.1321,2016-06-04 15:00
1.1415,2016-06-04 14:00
1.1455,2016-06-04 13:00
1.1356,2016-06-04 12:00
1.0806,2016-06-04 11:00
0.9506,2016-06-04 10:00
0.7640,2016-06-04 09:00
0.6003,2016-06-04 08:00
0.5367,2016-06-04 07:00
0.5267,2016-06-04 06:00
0.5229,2016-06-04 05:00
0.5229,2016-06-04 04:00
0.5229,2016-06-04 03:00
0.5228,2016-06-04 02:00
0.5228,2016-06-04 01:00
0.5228,2016-06-04 00:00
0.5227,2016-06-03 23:00
0.5227,2016-06-03 22:00
0.5227,2016-06-03 21:00
0.5226,2016-06-03 20:00
0.5226,2016-06-03 19:00
0.5226,2016-06-03 18:00
0.5225,2016-06-03 17:00
0.5225,2016-06-03 16:00
0.5225,2016-06-03 15:00
0.5224,2016-06-03 14:00
0.5224,2016-06-03 13:00
0.5223,2016-06-03 12:00
0.5223,2016-06-03 11:00
0.5222,2016-06-03 10:00
0.5222,2016-06-03 09:00
0.5222,2016-06-03 08:00
0.5221,2016-06-03 07:00
0.5221,2016-06-03 06:00
0.5220,2016-06-03 05:00
0.5220,2016-06-03 04:00
0.5219,2016-06-03 03:00
0.5219,2016-06-03 02:00
0.5218,2016-06-03 01:00
0.5218,2016-06-03 00:00
0.5217,2016-06-02 23:00
0.5217,2016-06-02 22:00
0.5216,2016-06-02 21:00
0.5216,2016-06-02 20:00
0.5216,2016-06-02 19:00
0.5216,2016-06-02 18:00
0.5216,2016-06-02 17:00
0.5216,2016-06-02 16:00
0.5217,2016-06-02 15:00
0.5218,2016-06-02 14:00
0.5220,2016-06-02 13:00
0.5223,2016-06-02 12:00
0.5228,2016-06-02 11:00
0.5235,2016-06-02 10:00
0.5245,2016-06-02 09:00
0.5259,2016-06-02 08:00
0.5280,2016-06-02 07:00
0.5308,2016-06-02 06:00
0.5348,2016-06-02 05:00
0.5402,2016-06-02 04:00
0.5476,2016-06-02 03:00
0.5575,2016-06-02 02:00
0.5706,2016-06-02 01:00
0.5878,2016-06-02 00:00
0.6103,2016-06-01 23:00
0.6391,2016-06-01 22:00
0.6758,2016-06-01 21:00
0.7220,2016-06-01 20:00
0.7796,2016-06-01 19:00
0.8505,2016-06-01 18:00
0.9364,2016-06-01 17:00
1.0389,2016-06-01 16:00
1.1582,2016-06-01 15:00
1.2924,2016-06-01 14:00
1.4367,2016-06-01 13:00
1.5818,2016-06-01 12:00
1.7143,2016-06-01 11:00
1.8191,2016-06-01 10:00
1.8841,2016-06-01 09:00
1.9067,2016-06-01 08:00
1.8981,2016-06-01 07:00
1.8776,2016-06-01 06:00
1.8381,2016-06-01 05:00
1.7002,2016-06-01 04:00
1.3799,2016-06-01 03:00
0.9683,2016-06-01 02:00
0.6806,2016-06-01 01:00
0.6051,2016-06-01 00:00
0.6237,2016-05-31 23:00
0.6439,2016-05-31 22:00
0.6699,2016-05-31 21:00
0.7014,2016-05-31 20:00
0.7344,2016-05-31 19:00
0.7672,2016-05-31 18:00
0.7974,2016-05-31 17:00
0.8229,2016-05-31 16:00
0.8416,2016-05-31 15:00
0.8523,2016-05-31 14:00
0.8556,2016-05-31 13:00
0.8536,2016-05-31 12:00
0.8498,2016-05-31 11:00
0.8446,2016-05-31 10:00
0.8291,2016-05-31 09:00
0.7878,2016-05-31 08:00
0.7168,2016-05-31 07:00
0.6305,2016-05-31 06:00
0.5502,2016-05-31 05:00
0.5178,2016-05-31 04:00
0.5178,2016-05-31 03:00
0.5178,2016-05-31 02:00
0.5178,2016-05-31 01:00
0.5179,2016-05-31 00:00
0.5179,2016-05-30 23:00
0.5180,2016-05-30 22:00
0.5182,2016-05-30 21:00
0.5184,2016-05-30 20:00
0.5186,2016-05-30 19:00
0.5190,2016-05-30 18:00
0.5195,2016-05-30 17:00
0.5201,2016-05-30 16:00
0.5208,2016-05-30 15:00
0.5218,2016-05-30 14:00
0.5229,2016-05-30 13:00
0.5244,2016-05-30 12:00
0.5263,2016-05-30 11:00
0.5288,2016-05-30 10:00
0.5321,2016-05-30 09:00
0.5364,2016-05-30 08:00
0.5421,2016-05-30 07:00
0.5492,2016-05-30 06:00
0.5577,2016-05-30 05:00
0.5670,2016-05-30 04:00
0.5757,2016-05-30 03:00
0.5820,2016-05-30 02:00
0.5839,2016-05-30 01:00
0.5786,2016-05-30 00:00
0.5607,2016-05-29 23:00
0.5441,2016-05-29 22:00
0.5433,2016-05-29 21:00
0.5510,2016-05-29 20:00
0.5610,2016-05-29 19:00
0.5740,2016-05-29 18:00
0.5907,2016-05-29 17:00
0.6116,2016-05-29 16:00
0.6375,2016-05-29 15:00
0.6684,2016-05-29 14:00
0.7044,2016-05-29 13:00
0.7446,2016-05-29 12:00
0.7878,2016-05-29 11:00
0.8315,2016-05-29 10:00
0.8726,2016-05-29 09:00
0.9066,2016-05-29 08:00
0.9271,2016-05-29 07:00
0.9301,2016-05-29 06:00
0.9220,2016-05-29 05:00
0.9067,2016-05-29 04:00
0.8851,2016-05-29 03:00
0.8582,2016-05-29 02:00
0.8176,2016-05-29 01:00
0.7568,2016-05-29 00:00
0.6853,2016-05-28 23:00
0.6341,2016-05-28 22:00
0.6277,2016-05-28 21:00
0.6394,2016-05-28 20:00
0.6505,2016-05-28 19:00
0.6614,2016-05-28 18:00
0.6726,2016-05-28 17:00
0.6845,2016-05-28 16:00
0.6971,2016-05-28 15:00
0.7098,2016-05-28 14:00
0.7203,2016-05-28 13:00
0.7237,2016-05-28 12:00
0.7177,2016-05-28 11:00
0.7015,2016-05-28 10:00
0.6783,2016-05-28 09:00
0.6685,2016-05-28 08:00
0.6760,2016-05-28 07:00
0.6905,2016-05-28 06:00
0.7111,2016-05-28 05:00
0.7385,2016-05-28 04:00
0.7680,2016-05-28 03:00
0.7864,2016-05-28 02:00
0.7778,2016-05-28 01:00
0.7339,2016-05-28 00:00
0.6414,2016-05-27 23:00
0.5856,2016-05-27 22:00
0.5914,2016-05-27 21:00
0.5953,2016-05-27 20:00
0.5970,2016-05-27 19:00
0.5964,2016-05-27 18:00
0.5933,2016-05-27 17:00
0.5885,2016-05-27 16:00
0.5825,2016-05-27 15:00
0.5756,2016-05-27 14:00
0.5668,2016-05-27 13:00
0.5557,2016-05-27 12:00
0.5411,2016-05-27 11:00
0.5306,2016-05-27 10:00
0.5304,2016-05-27 09:00
0.5347,2016-05-27 08:00
0.5401,2016-05-27 07:00
0.5468,2016-05-27 06:00
0.5546,2016-05-27 05:00
0.5635,2016-05-27 04:00
0.5734,2016-05-27 03:00
0.5837,2016-05-27 02:00
0.5939,2016-05-27 01:00
0.6034,2016-05-27 00:00
0.6114,2016-05-26 23:00
0.6174,2016-05-26 22:00
0.6210,2016-05-26 21:00
0.6221,2016-05-26 20:00
0.6208,2016-05-26 19:00
0.6179,2016-05-26 18:00
0.6140,2016-05-26 17:00
0.6092,2016-05-26 16:00
0.6016,2016-05-26 15:00
0.5882,2016-05-26 14:00
0.5675,2016-05-26 13:00
0.5407,2016-05-26 12:00
0.5265,2016-05-26 11:00
0.5281,2016-05-26 10:00
0.5297,2016-05-26 09:00
0.5313,2016-05-26 08:00
0.5328,2016-05-26 07:00
0.5340,2016-05-26 06:00
0.5349,2016-05-26 05:00
0.5356,2016-05-26 04:00
0.5361,2016-05-26 03:00
0.5365,2016-05-26 02:00
0.5368,2016-05-26 01:00
0.5371,2016-05-26 00:00
0.5371,2016-05-25 23:00
0.5367,2016-05-25 22:00
0.5355,2016-05-25 21:00
0.5334,2016-05-25 20:00
0.5296,2016-05-25 19:00
0.5262,2016-05-25 18:00
0.5233,2016-05-25 17:00
0.5210,2016-05-25 16:00
0.5211,2016-05-25 15:00
0.5212,2016-05-25 14:00
0.5213,2016-05-25 13:00
0.5214,2016-05-25 12:00
0.5215,2016-05-25 11:00
0.5216,2016-05-25 10:00
0.5217,2016-05-25 09:00
0.5218,2016-05-25 08:00
0.5219,2016-05-25 07:00
0.5220,2016-05-25 06:00
0.5220,2016-05-25 05:00
0.5221,2016-05-25 04:00
0.5222,2016-05-25 03:00
0.5223,2016-05-25 02:00
0.5224,2016-05-25 01:00
0.5225,2016-05-25 00:00
0.5226,2016-05-24 23:00
0.5227,2016-05-24 22:00
0.5228,2016-05-24 21:00
0.5229,2016-05-24 20:00
0.5229,2016-05-24 19:00
0.5230,2016-05-24 18:00
0.5231,2016-05-24 17:00
0.5232,2016-05-24 16:00
0.5233,2016-05-24 15:00
0.5234,2016-05-24 14:00
0.5235,2016-05-24 13:00
0.5236,2016-05-24 12:00
0.5236,2016-05-24 11:00
0.5237,2016-05-24 10:00
0.5238,2016-05-24 09:00
0.5239,2016-05-24 08:00
0.5240,2016-05-24 07:00
0.5241,2016-05-24 06:00
0.5241,2016-05-24 05:00
0.5242,2016-05-24 04:00
0.5243,2016-05-24 03:00
0.5244,2016-05-24 02:00
0.5245,2016-05-24 01:00
0.5246,2016-05-24 00:00
0.5246,2016-05-23 23:00
0.5247,2016-05-23 22:00
0.5248,2016-05-23 21:00
0.5249,2016-05-23 20:00
0.5250,2016-05-23 19:00
0.5251,2016-05-23 18:00
0.5251,2016-05-23 17:00
0.5252,2016-05-23 16:00
0.5253,2016-05-23 15:00
0.5254,2016-05-23 14:00
0.5255,2016-05-23 13:00
0.5255,2016-05-23 12:00
0.5256,2016-05-23 11:00
0.5257,2016-05-23 10:00
0.5258,2016-05-23 09:00
0.5258,2016-05-23 08:00
0.5259,2016-05-23 07:00
0.5260,2016-05-23 06:00
0.5261,2016-05-23 05:00
0.5262,2016-05-23 04:00
0.5262,2016-05-23 03:00
0.5263,2016-05-23 02:00
0.5264,2016-05-23 01:00
0.5265,2016-05-23 00:00
0.5265,2016-05-22 23:00
0.5266,2016-05-22 22:00
0.5267,2016-05-22 21:00
0.5268,2016-05-22 20:00
0.5268,2016-05-22 19:00
0.5269,2016-05-22 18:00
0.5270,2016-05-22 17:00
0.5270,2016-05-22 16:00
0.5271,2016-05-22 15:00
0.5272,2016-05-22 14:00
0.5273,2016-05-22 13:00
0.5273,2016-05-22 12:00
0.5274,2016-05-22 11:00
0.5275,2016-05-22 10:00
0.5275,2016-05-22 09:00
0.5276,2016-05-22 08:00
0.5277,2016-05-22 07:00
0.5277,2016-05-22 06:00
0.5278,2016-05-22 05:00
0.5279,2016-05-22 04:00
0.5280,2016-05-22 03:00
0.5280,2016-05-22 02:00
0.5281,2016-05-22 01:00
0.5282,2016-05-22 00:00
0.5282,2016-05-21 23:00
0.5283,2016-05-21 22:00
0.5284,2016-05-21 21:00
0.5284,2016-05-21 20:00
0.5285,2016-05-21 19:00
0.5285,2016-05-21 18:00
0.5286,2016-05-21 17:00
0.5287,2016-05-21 16:00
0.5287,2016-05-21 15:00
0.5288,2016-05-21 14:00
0.5289,2016-05-21 13:00
0.5289,2016-05-21 12:00
0.5290,2016-05-21 11:00
0.5291,2016-05-21 10:00
0.5291,2016-05-21 09:00
0.5292,2016-05-21 08:00
0.5292,2016-05-21 07:00
0.5293,2016-05-21 06:00
0.5294,2016-05-21 05:00
0.5294,2016-05-21 04:00
0.5295,2016-05-21 03:00
0.5295,2016-05-21 02:00
0.5296,2016-05-21 01:00
0.5296,2016-05-21 00:00
0.5297,2016-05-20 23:00
0.5298,2016-05-20 22:00
0.5298,2016-05-20 21:00
0.5299,2016-05-20 20:00
0.5299,2016-05-20 19:00
0.5300,2016-05-20 18:00
0.5300,2016-05-20 17:00
0.5301,2016-05-20 16:00
0.5302,2016-05-20 15:00
0.5302,2016-05-20 14:00
0.5303,2016-05-20 13:00
0.5303,2016-05-20 12:00
0.5304,2016-05-20 11:00
0.5304,2016-05-20 10:00
0.5305,2016-05-20 09:00
0.5305,2016-05-20 08:00
0.5306,2016-05-20 07:00
0.5306,2016-05-20 06:00
0.5307,2016-05-20 05:00
0.5307,2016-05-20 04:00
0.5308,2016-05-20 03:00
0.5308,2016-05-20 02:00
0.5309,2016-05-20 01:00
0.5309,2016-05-20 00:00
0.5310,2016-05-19 23:00
0.5310,2016-05-19 22:00
0.5311,2016-05-19 21:00
0.5311,2016-05-19 20:00
0.5312,2016-05-19 19:00
0.5312,2016-05-19 18:00
0.5312,2016-05-19 17:00
0.5313,2016-05-19 16:00
0.5313,2016-05-19 15:00
0.5314,2016-05-19 14:00
0.5314,2016-05-19 13:00
0.5315,2016-05-19 12:00
0.5315,2016-05-19 11:00
0.5315,2016-05-19 10:00
0.5316,2016-05-19 09:00
0.5316,2016-05-19 08:00
0.5317,2016-05-19 07:00
0.5317,2016-05-19 06:00
0.5318,2016-05-19 05:00
0.5318,2016-05-19 04:00
0.5318,2016-05-19 03:00
0.5319,2016-05-19 02:00
0.5319,2016-05-19 01:00
0.5320,2016-05-19 00:00
0.5320,2016-05-18 23:00
0.5321,2016-05-18 22:00
0.5322,2016-05-18 21:00
0.5323,2016-05-18 20:00
0.5324,2016-05-18 19:00
0.5325,2016-05-18 18:00
0.5327,2016-05-18 17:00
0.5330,2016-05-18 16:00
0.5333,2016-05-18 15:00
0.5338,2016-05-18 14:00
0.5345,2016-05-18 13:00
0.5355,2016-05-18 12:00
0.5367,2016-05-18 11:00
0.5385,2016-05-18 10:00
0.5408,2016-05-18 09:00
0.5438,2016-05-18 08:00
0.5476,2016-05-18 07:00
0.5524,2016-05-18 06:00
0.5582,2016-05-18 05:00
0.5650,2016-05-18 04:00
0.5727,2016-05-18 03:00
0.5812,2016-05-18 02:00
0.5900,2016-05-18 01:00
0.5989,2016-05-18 00:00
0.6073,2016-05-17 23:00
0.6148,2016-05-17 22:00
0.6206,2016-05-17 21:00
0.6240,2016-05-17 20:00
0.6244,2016-05-17 19:00
0.6214,2016-05-17 18:00
0.6156,2016-05-17 17:00
0.6081,2016-05-17 16:00
0.5991,2016-05-17 15:00
0.5867,2016-05-17 14:00
0.5698,2016-05-17 13:00
0.5522,2016-05-17 12:00
0.5457,2016-05-17 11:00
0.5451,2016-05-17 10:00
0.5437,2016-05-17 09:00
0.5416,2016-05-17 08:00
0.5394,2016-05-17 07:00
0.5376,2016-05-17 06:00
0.5355,2016-05-17 05:00
0.5337,2016-05-17 04:00
0.5335,2016-05-17 03:00
0.5335,2016-05-17 02:00
0.5336,2016-05-17 01:00
0.5336,2016-05-17 00:00
0.5336,2016-05-16 23:00
0.5337,2016-05-16 22:00
0.5337,2016-05-16 21:00
0.5337,2016-05-16 20:00
0.5338,2016-05-16 19:00
0.5338,2016-05-16 18:00
0.5338,2016-05-16 17:00
0.5339,2016-05-16 16:00
0.5339,2016-05-16 15:00
0.5339,2016-05-16 14:00
0.5340,2016-05-16 13:00
0.5340,2016-05-16 12:00
0.5340,2016-05-16 11:00
0.5340,2016-05-16 10:00
0.5341,2016-05-16 09:00
0.5341,2016-05-16 08:00
0.5341,2016-05-16 07:00
0.5341,2016-05-16 06:00
0.5342,2016-05-16 05:00
0.5342,2016-05-16 04:00
0.5342,2016-05-16 03:00
0.5342,2016-05-16 02:00
0.5343,2016-05-16 01:00
0.5343,2016-05-16 00:00
0.5343,2016-05-15 23:00
0.5343,2016-05-15 22:00
0.5344,2016-05-15 21:00
0.5344,2016-05-15 20:00
0.5344,2016-05-15 19:00
0.5344,2016-05-15 18:00
0.5344,2016-05-15 17:00
0.5345,2016-05-15 16:00
0.5345,2016-05-15 15:00
0.5345,2016-05-15 14:00
0.5345,2016-05-15 13:00
0.5346,2016-05-15 12:00
0.5346,2016-05-15 11:00
0.5346,2016-05-15 10:00
0.5347,2016-05-15 09:00
0.5348,2016-05-15 08:00
0.5348,2016-05-15 07:00
0.5350,2016-05-15 06:00
0.5351,2016-05-15 05:00
0.5353,2016-05-15 04:00
0.5356,2016-05-15 03:00
0.5361,2016-05-15 02:00
0.5367,2016-05-15 01:00
0.5375,2016-05-15 00:00
0.5387,2016-05-14 23:00
0.5403,2016-05-14 22:00
0.5425,2016-05-14 21:00
0.5454,2016-05-14 20:00
0.5492,2016-05-14 19:00
0.5541,2016-05-14 18:00
0.5603,2016-05-14 17:00
0.5679,2016-05-14 16:00
0.5769,2016-05-14 15:00
0.5873,2016-05-14 14:00
0.5989,2016-05-14 13:00
0.6112,2016-05-14 12:00
0.6235,2016-05-14 11:00
0.6351,2016-05-14 10:00
0.6452,2016-05-14 09:00
0.6530,2016-05-14 08:00
0.6581,2016-05-14 07:00
0.6604,2016-05-14 06:00
0.6599,2016-05-14 05:00
0.6571,2016-05-14 04:00
0.6528,2016-05-14 03:00
0.6468,2016-05-14 02:00
0.6376,2016-05-14 01:00
0.6220,2016-05-14 00:00
0.5966,2016-05-13 23:00
0.5676,2016-05-13 22:00
0.5471,2016-05-13 21:00
0.5375,2016-05-13 20:00
0.5351,2016-05-13 19:00
0.5351,2016-05-13 18:00
0.5351,2016-05-13 17:00
0.5351,2016-05-13 16:00
0.5351,2016-05-13 15:00
0.5352,2016-05-13 14:00
0.5352,2016-05-13 13:00
0.5352,2016-05-13 12:00
0.5352,2016-05-13 11:00
0.5352,2016-05-13 10:00
0.5352,2016-05-13 09:00
0.5352,2016-05-13 08:00
0.5353,2016-05-13 07:00
0.5353,2016-05-13 06:00
0.5353,2016-05-13 05:00
0.5353,2016-05-13 04:00
0.5353,2016-05-13 03:00
0.5353,2016-05-13 02:00
0.5353,2016-05-13 01:00
0.5353,2016-05-13 00:00
0.5353,2016-05-12 23:00
0.5354,2016-05-12 22:00
0.5354,2016-05-12 21:00
0.5354,2016-05-12 20:00
0.5354,2016-05-12 19:00
0.5354,2016-05-12 18:00
0.5354,2016-05-12 17:00
0.5354,2016-05-12 16:00
0.5354,2016-05-12 15:00
0.5354,2016-05-12 14:00
0.5354,2016-05-12 13:00
0.5354,2016-05-12 12:00
0.5354,2016-05-12 11:00
0.5354,2016-05-12 10:00
0.5354,2016-05-12 09:00
0.5354,2016-05-12 08:00
0.5354,2016-05-12 07:00
0.5354,2016-05-12 06:00
0.5354,2016-05-12 05:00
0.5354,2016-05-12 04:00
0.5354,2016-05-12 03:00
0.5354,2016-05-12 02:00
0.5354,2016-05-12 01:00
0.5354,2016-05-12 00:00
0.5355,2016-05-11 23:00
0.5355,2016-05-11 22:00
0.5355,2016-05-11 21:00
0.5356,2016-05-11 20:00
0.5357,2016-05-11 19:00
0.5358,2016-05-11 18:00
0.5360,2016-05-11 17:00
0.5363,2016-05-11 16:00
0.5368,2016-05-11 15:00
0.5374,2016-05-11 14:00
0.5382,2016-05-11 13:00
0.5394,2016-05-11 12:00
0.5411,2016-05-11 11:00
0.5435,2016-05-11 10:00
0.5467,2016-05-11 09:00
0.5512,2016-05-11 08:00
0.5572,2016-05-11 07:00
0.5651,2016-05-11 06:00
0.5755,2016-05-11 05:00
0.5888,2016-05-11 04:00
0.6056,2016-05-11 03:00
0.6263,2016-05-11 02:00
0.6515,2016-05-11 01:00
0.6812,2016-05-11 00:00
0.7153,2016-05-10 23:00
0.7533,2016-05-10 22:00
0.7940,2016-05-10 21:00
0.8356,2016-05-10 20:00
0.8757,2016-05-10 19:00
0.9115,2016-05-10 18:00
0.9402,2016-05-10 17:00
0.9598,2016-05-10 16:00
0.9697,2016-05-10 15:00
0.9711,2016-05-10 14:00
0.9662,2016-05-10 13:00
0.9551,2016-05-10 12:00
0.9311,2016-05-10 11:00
0.8802,2016-05-10 10:00
0.7939,2016-05-10 09:00
0.7069,2016-05-10 08:00
0.6454,2016-05-10 07:00
0.6123,2016-05-10 06:00
0.5949,2016-05-10 05:00
0.5795,2016-05-10 04:00
0.5638,2016-05-10 03:00
0.5491,2016-05-10 02:00
0.5396,2016-05-10 01:00
0.5359,2016-05-10 00:00
0.5360,2016-05-09 23:00
0.5361,2016-05-09 22:00
0.5361,2016-05-09 21:00
0.5362,2016-05-09 20:00
0.5363,2016-05-09 19:00
0.5363,2016-05-09 18:00
0.5364,2016-05-09 17:00
0.5364,2016-05-09 16:00
0.5365,2016-05-09 15:00
0.5365,2016-05-09 14:00
0.5366,2016-05-09 13:00
0.5367,2016-05-09 12:00
0.5367,2016-05-09 11:00
0.5368,2016-05-09 10:00
0.5368,2016-05-09 09:00
0.5369,2016-05-09 08:00
0.5369,2016-05-09 07:00
0.5370,2016-05-09 06:00
0.5371,2016-05-09 05:00
0.5371,2016-05-09 04:00
0.5372,2016-05-09 03:00
0.5372,2016-05-09 02:00
0.5373,2016-05-09 01:00
0.5373,2016-05-09 00:00
0.5374,2016-05-08 23:00
0.5375,2016-05-08 22:00
0.5375,2016-05-08 21:00
0.5376,2016-05-08 20:00
0.5377,2016-05-08 19:00
0.5378,2016-05-08 18:00
0.5379,2016-05-08 17:00
0.5381,2016-05-08 16:00
0.5382,2016-05-08 15:00
0.5385,2016-05-08 14:00
0.5388,2016-05-08 13:00
0.5392,2016-05-08 12:00
0.5398,2016-05-08 11:00
0.5405,2016-05-08 10:00
0.5415,2016-05-08 09:00
0.5428,2016-05-08 08:00
0.5444,2016-05-08 07:00
0.5464,2016-05-08 06:00
0.5488,2016-05-08 05:00
0.5516,2016-05-08 04:00
0.5547,2016-05-08 03:00
0.5581,2016-05-08 02:00
0.5617,2016-05-08 01:00
0.5652,2016-05-08 00:00
0.5686,2016-05-07 23:00
0.5717,2016-05-07 22:00
0.5744,2016-05-07 21:00
0.5767,2016-05-07 20:00
0.5785,2016-05-07 19:00
0.5797,2016-05-07 18:00
0.5801,2016-05-07 17:00
0.5797,2016-05-07 16:00
0.5782,2016-05-07 15:00
0.5750,2016-05-07 14:00
0.5686,2016-05-07 13:00
0.5612,2016-05-07 12:00
0.5537,2016-05-07 11:00
0.5476,2016-05-07 10:00
0.5456,2016-05-07 09:00
0.5445,2016-05-07 08:00
0.5428,2016-05-07 07:00
0.5405,2016-05-07 06:00
0.5394,2016-05-07 05:00
0.5394,2016-05-07 04:00
0.5394,2016-05-07 03:00
0.5395,2016-05-07 02:00
0.5395,2016-05-07 01:00
0.5396,2016-05-07 00:00
0.5396,2016-05-06 23:00
0.5397,2016-05-06 22:00
0.5397,2016-05-06 21:00
0.5397,2016-05-06 20:00
0.5398,2016-05-06 19:00
0.5398,2016-05-06 18:00
0.5399,2016-05-06 17:00
0.5399,2016-05-06 16:00
0.5399,2016-05-06 15:00
0.5400,2016-05-06 14:00
0.5400,2016-05-06 13:00
0.5401,2016-05-06 12:00
0.5401,2016-05-06 11:00
0.5401,2016-05-06 10:00
0.5402,2016-05-06 09:00
0.5402,2016-05-06 08:00
0.5402,2016-05-06 07:00
0.5403,2016-05-06 06:00
0.5403,2016-05-06 05:00
0.5403,2016-05-06 04:00
0.5404,2016-05-06 03:00
0.5404,2016-05-06 02:00
0.5404,2016-05-06 01:00
0.5405,2016-05-06 00:00
0.5405,2016-05-05 23:00
0.5405,2016-05-05 22:00
0.5406,2016-05-05 21:00
0.5406,2016-05-05 20:00
0.5407,2016-05-05 19:00
0.5407,2016-05-05 18:00
0.5408,2016-05-05 17:00
0.5408,2016-05-05 16:00
0.5409,2016-05-05 15:00
0.5410,2016-05-05 14:00
0.5411,2016-05-05 13:00
0.5412,2016-05-05 12:00
0.5414,2016-05-05 11:00
0.5417,2016-05-05 10:00
0.5421,2016-05-05 09:00
0.5426,2016-05-05 08:00
0.5433,2016-05-05 07:00
0.5443,2016-05-05 06:00
0.5457,2016-05-05 05:00
0.5476,2016-05-05 04:00
0.5500,2016-05-05 03:00
0.5533,2016-05-05 02:00
0.5575,2016-05-05 01:00
0.5628,2016-05-05 00:00
0.5694,2016-05-04 23:00
0.5772,2016-05-04 22:00
0.5863,2016-05-04 21:00
0.5964,2016-05-04 20:00
0.6071,2016-05-04 19:00
0.6179,2016-05-04 18:00
0.6280,2016-05-04 17:00
0.6365,2016-05-04 16:00
0.6427,2016-05-04 15:00
0.6460,2016-05-04 14:00
0.6462,2016-05-04 13:00
0.6437,2016-05-04 12:00
0.6390,2016-05-04 11:00
0.6333,2016-05-04 10:00
0.6269,2016-05-04 09:00
0.6189,2016-05-04 08:00
0.6073,2016-05-04 07:00
0.5887,2016-05-04 06:00
0.5641,2016-05-04 05:00
0.5463,2016-05-04 04:00
0.5416,2016-05-04 03:00
0.5417,2016-05-04 02:00
0.5417,2016-05-04 01:00
0.5417,2016-05-04 00:00
0.5418,2016-05-03 23:00
0.5418,2016-05-03 22:00
0.5418,2016-05-03 21:00
0.5418,2016-05-03 20:00
0.5419,2016-05-03 19:00
0.5419,2016-05-03 18:00
0.5419,2016-05-03 17:00
0.5420,2016-05-03 16:00
0.5420,2016-05-03 15:00
0.5420,2016-05-03 14:00
0.5421,2016-05-03 13:00
0.5421,2016-05-03 12:00
0.5422,2016-05-03 11:00
0.5422,2016-05-03 10:00
0.5423,2016-05-03 09:00
0.5424,2016-05-03 08:00
0.5425,2016-05-03 07:00
0.5426,2016-05-03 06:00
0.5428,2016-05-03 05:00
0.5431,2016-05-03 04:00
0.5435,2016-05-03 03:00
0.5441,2016-05-03 02:00
0.5448,2016-05-03 01:00
0.5459,2016-05-03 00:00
0.5472,2016-05-02 23:00
0.5490,2016-05-02 22:00
0.5512,2016-05-02 21:00
0.5541,2016-05-02 20:00
0.5575,2016-05-02 19:00
0.5616,2016-05-02 18:00
0.5662,2016-05-02 17:00
0.5712,2016-05-02 16:00
0.5764,2016-05-02 15:00
0.5815,2016-05-02 14:00
0.5861,2016-05-02 13:00
0.5900,2016-05-02 12:00
0.5929,2016-05-02 11:00
0.5946,2016-05-02 10:00
0.5951,2016-05-02 09:00
0.5946,2016-05-02 08:00
0.5932,2016-05-02 07:00
0.5911,2016-05-02 06:00
0.5879,2016-05-02 05:00
0.5831,2016-05-02 04:00
0.5757,2016-05-02 03:00
0.5663,2016-05-02 02:00
0.5583,2016-05-02 01:00
0.5533,2016-05-02 00:00
0.5505,2016-05-01 23:00
0.5511,2016-05-01 22:00
0.5544,2016-05-01 21:00
0.5589,2016-05-01 20:00
0.5648,2016-05-01 19:00
0.5726,2016-05-01 18:00
0.5825,2016-05-01 17:00
0.5949,2016-05-01 16:00
0.6102,2016-05-01 15:00
0.6285,2016-05-01 14:00
0.6497,2016-05-01 13:00
0.6737,2016-05-01 12:00
0.6997,2016-05-01 11:00
0.7269,2016-05-01 10:00
0.7538,2016-05-01 09:00
0.7789,2016-05-01 08:00
0.8007,2016-05-01 07:00
0.8178,2016-05-01 06:00
0.8291,2016-05-01 05:00
0.8342,2016-05-01 04:00
0.8337,2016-05-01 03:00
0.8283,2016-05-01 02:00
0.8163,2016-05-01 01:00
0.7921,2016-05-01 00:00
0.7486,2016-04-30 23:00
0.6838,2016-04-30 22:00
0.6240,2016-04-30 21:00
0.5902,2016-04-30 20:00
0.5704,2016-04-30 19:00
0.5558,2016-04-30 18:00
0.5464,2016-04-30 17:00
0.5434,2016-04-30 16:00
0.5434,2016-04-30 15:00
0.5435,2016-04-30 14:00
0.5435,2016-04-30 13:00
0.5436,2016-04-30 12:00
0.5436,2016-04-30 11:00
0.5436,2016-04-30 10:00
0.5437,2016-04-30 09:00
0.5437,2016-04-30 08:00
0.5438,2016-04-30 07:00
0.5438,2016-04-30 06:00
0.5438,2016-04-30 05:00
0.5439,2016-04-30 04:00
0.5439,2016-04-30 03:00
0.5440,2016-04-30 02:00
0.5440,2016-04-30 01:00
0.5441,2016-04-30 00:00
0.5441,2016-04-29 23:00
0.5442,2016-04-29 22:00
0.5442,2016-04-29 21:00
0.5443,2016-04-29 20:00
0.5444,2016-04-29 19:00
0.5444,2016-04-29 18:00
0.5445,2016-04-29 17:00
0.5445,2016-04-29 16:00
0.5445,2016-04-29 15:00
0.5446,2016-04-29 14:00
0.5447,2016-04-29 13:00
0.5448,2016-04-29 12:00
0.5449,2016-04-29 11:00
0.5451,2016-04-29 10:00
0.5453,2016-04-29 09:00
0.5457,2016-04-29 08:00
0.5461,2016-04-29 07:00
0.5466,2016-04-29 06:00
0.5474,2016-04-29 05:00
0.5482,2016-04-29 04:00
0.5493,2016-04-29 03:00
0.5506,2016-04-29 02:00
0.5520,2016-04-29 01:00
0.5537,2016-04-29 00:00
0.5555,2016-04-28 23:00
0.5574,2016-04-28 22:00
0.5596,2016-04-28 21:00
0.5620,2016-04-28 20:00
0.5647,2016-04-28 19:00
0.5678,2016-04-28 18:00
0.5716,2016-04-28 17:00
0.5761,2016-04-28 16:00
0.5816,2016-04-28 15:00
0.5883,2016-04-28 14:00
0.5960,2016-04-28 13:00
0.6048,2016-04-28 12:00
0.6143,2016-04-28 11:00
0.6240,2016-04-28 10:00
0.6340,2016-04-28 09:00
0.6435,2016-04-28 08:00
0.6494,2016-04-28 07:00
0.6546,2016-04-28 06:00
0.6616,2016-04-28 05:00
0.6661,2016-04-28 04:00
0.6680,2016-04-28 03:00
0.6675,2016-04-28 02:00
0.6650,2016-04-28 01:00
0.6605,2016-04-28 00:00
0.6529,2016-04-27 23:00
0.6400,2016-04-27 22:00
0.6188,2016-04-27 21:00
0.5910,2016-04-27 20:00
0.5649,2016-04-27 19:00
0.5499,2016-04-27 18:00
0.5461,2016-04-27 17:00
0.5462,2016-04-27 16:00
0.5462,2016-04-27 15:00
0.5463,2016-04-27 14:00
0.5464,2016-04-27 13:00
0.5464,2016-04-27 12:00
0.5465,2016-04-27 11:00
0.5465,2016-04-27 10:00
0.5466,2016-04-27 09:00
0.5467,2016-04-27 08:00
0.5467,2016-04-27 07:00
0.5468,2016-04-27 06:00
0.5468,2016-04-27 05:00
0.5469,2016-04-27 04:00
0.5469,2016-04-27 03:00
0.5470,2016-04-27 02:00
0.5471,2016-04-27 01:00
0.5471,2016-04-27 00:00
0.5472,2016-04-26 23:00
0.5472,2016-04-26 22:00
0.5473,2016-04-26 21:00
0.5473,2016-04-26 20:00
0.5474,2016-04-26 19:00
0.5475,2016-04-26 18:00
0.5475,2016-04-26 17:00
0.5476,2016-04-26 16:00
0.5476,2016-04-26 15:00
0.5477,2016-04-26 14:00
0.5477,2016-04-26 13:00
0.5478,2016-04-26 12:00
0.5478,2016-04-26 11:00
0.5479,2016-04-26 10:00
0.5479,2016-04-26 09:00
0.5480,2016-04-26 08:00
0.5480,2016-04-26 07:00
0.5481,2016-04-26 06:00
0.5481,2016-04-26 05:00
0.5482,2016-04-26 04:00
0.5483,2016-04-26 03:00
0.5483,2016-04-26 02:00
0.5484,2016-04-26 01:00
0.5484,2016-04-26 00:00
0.5485,2016-04-25 23:00
0.5485,2016-04-25 22:00
0.5486,2016-04-25 21:00
0.5486,2016-04-25 20:00
0.5487,2016-04-25 19:00
0.5488,2016-04-25 18:00
0.5488,2016-04-25 17:00
0.5489,2016-04-25 16:00
0.5490,2016-04-25 15:00
0.5492,2016-04-25 14:00
0.5493,2016-04-25 13:00
0.5496,2016-04-25 12:00
0.5498,2016-04-25 11:00
0.5502,2016-04-25 10:00
0.5507,2016-04-25 09:00
0.5513,2016-04-25 08:00
0.5521,2016-04-25 07:00
0.5530,2016-04-25 06:00
0.5542,2016-04-25 05:00
0.5556,2016-04-25 04:00
0.5572,2016-04-25 03:00
0.5590,2016-04-25 02:00
0.5608,2016-04-25 01:00
0.5626,2016-04-25 00:00
0.5643,2016-04-24 23:00
0.5657,2016-04-24 22:00
0.5669,2016-04-24 21:00
0.5677,2016-04-24 20:00
0.5682,2016-04-24 19:00
0.5683,2016-04-24 18:00
0.5681,2016-04-24 17:00
0.5676,2016-04-24 16:00
0.5668,2016-04-24 15:00
0.5653,2016-04-24 14:00
0.5631,2016-04-24 13:00
0.5599,2016-04-24 12:00
0.5543,2016-04-24 11:00
0.5502,2016-04-24 10:00
0.5502,2016-04-24 09:00
0.5502,2016-04-24 08:00
0.5503,2016-04-24 07:00
0.5503,2016-04-24 06:00
0.5504,2016-04-24 05:00
0.5504,2016-04-24 04:00
0.5504,2016-04-24 03:00
0.5505,2016-04-24 02:00
0.5505,2016-04-24 01:00
0.5506,2016-04-24 00:00
0.5506,2016-04-23 23:00
0.5507,2016-04-23 22:00
0.5507,2016-04-23 21:00
0.5507,2016-04-23 20:00
0.5508,2016-04-23 19:00
0.5508,2016-04-23 18:00
0.5509,2016-04-23 17:00
0.5509,2016-04-23 16:00
0.5509,2016-04-23 15:00
0.5510,2016-04-23 14:00
0.5510,2016-04-23 13:00
0.5510,2016-04-23 12:00
0.5511,2016-04-23 11:00
0.5511,2016-04-23 10:00
0.5512,2016-04-23 09:00
0.5512,2016-04-23 08:00
0.5512,2016-04-23 07:00
0.5513,2016-04-23 06:00
0.5513,2016-04-23 05:00
0.5514,2016-04-23 04:00
0.5515,2016-04-23 03:00
0.5515,2016-04-23 02:00
0.5516,2016-04-23 01:00
0.5518,2016-04-23 00:00
0.5519,2016-04-22 23:00
0.5521,2016-04-22 22:00
0.5524,2016-04-22 21:00
0.5528,2016-04-22 20:00
0.5534,2016-04-22 19:00
0.5540,2016-04-22 18:00
0.5549,2016-04-22 17:00
0.5559,2016-04-22 16:00
0.5572,2016-04-22 15:00
0.5587,2016-04-22 14:00
0.5604,2016-04-22 13:00
0.5623,2016-04-22 12:00
0.5642,2016-04-22 11:00
0.5662,2016-04-22 10:00
0.5682,2016-04-22 09:00
0.5701,2016-04-22 08:00
0.5717,2016-04-22 07:00
0.5730,2016-04-22 06:00
0.5739,2016-04-22 05:00
0.5744,2016-04-22 04:00
0.5745,2016-04-22 03:00
0.5738,2016-04-22 02:00
0.5713,2016-04-22 01:00
0.5694,2016-04-22 00:00
0.5704,2016-04-21 23:00
0.5716,2016-04-21 22:00
0.5729,2016-04-21 21:00
0.5745,2016-04-21 20:00
0.5764,2016-04-21 19:00
0.5785,2016-04-21 18:00
0.5808,2016-04-21 17:00
0.5827,2016-04-21 16:00
0.5855,2016-04-21 15:00
0.5906,2016-04-21 14:00
0.5968,2016-04-21 13:00
0.6029,2016-04-21 12:00
0.6086,2016-04-21 11:00
0.6133,2016-04-21 10:00
0.6168,2016-04-21 09:00
0.6189,2016-04-21 08:00
0.6192,2016-04-21 07:00
0.6179,2016-04-21 06:00
0.6151,2016-04-21 05:00
0.6106,2016-04-21 04:00
0.6058,2016-04-21 03:00
0.6014,2016-04-21 02:00
0.5964,2016-04-21 01:00
0.5892,2016-04-21 00:00
0.5795,2016-04-20 23:00
0.5675,2016-04-20 22:00
0.5580,2016-04-20 21:00
0.5553,2016-04-20 20:00
0.5562,2016-04-20 19:00
0.5575,2016-04-20 18:00
0.5591,2016-04-20 17:00
0.5613,2016-04-20 16:00
0.5640,2016-04-20 15:00
0.5675,2016-04-20 14:00
0.5718,2016-04-20 13:00
0.5769,2016-04-20 12:00
0.5829,2016-04-20 11:00
0.5896,2016-04-20 10:00
0.5970,2016-04-20 09:00
0.6047,2016-04-20 08:00
0.6127,2016-04-20 07:00
0.6208,2016-04-20 06:00
0.6286,2016-04-20 05:00
0.6361,2016-04-20 04:00
0.6432,2016-04-20 03:00
0.6496,2016-04-20 02:00
0.6552,2016-04-20 01:00
0.6598,2016-04-20 00:00
0.6628,2016-04-19 23:00
0.6633,2016-04-19 22:00
0.6599,2016-04-19 21:00
0.6516,2016-04-19 20:00
0.6431,2016-04-19 19:00
0.6396,2016-04-19 18:00
0.6381,2016-04-19 17:00
0.6360,2016-04-19 16:00
0.6319,2016-04-19 15:00
0.6261,2016-04-19 14:00
0.6198,2016-04-19 13:00
0.6148,2016-04-19 12:00
0.6111,2016-04-19 11:00
0.6045,2016-04-19 10:00
0.5949,2016-04-19 09:00
0.5830,2016-04-19 08:00
0.5701,2016-04-19 07:00
0.5597,2016-04-19 06:00
0.5558,2016-04-19 05:00
0.5555,2016-04-19 04:00
0.5555,2016-04-19 03:00
0.5556,2016-04-19 02:00
0.5557,2016-04-19 01:00
0.5558,2016-04-19 00:00
0.5559,2016-04-18 23:00
0.5559,2016-04-18 22:00
0.5560,2016-04-18 21:00
0.5561,2016-04-18 20:00
0.5562,2016-04-18 19:00
0.5563,2016-04-18 18:00
0.5563,2016-04-18 17:00
0.5564,2016-04-18 16:00
0.5565,2016-04-18 15:00
0.5566,2016-04-18 14:00
0.5567,2016-04-18 13:00
0.5567,2016-04-18 12:00
0.5568,2016-04-18 11:00
0.5569,2016-04-18 10:00
0.5570,2016-04-18 09:00
0.5570,2016-04-18 08:00
0.5571,2016-04-18 07:00
0.5572,2016-04-18 06:00
0.5573,2016-04-18 05:00
0.5573,2016-04-18 04:00
0.5574,2016-04-18 03:00
0.5575,2016-04-18 02:00
0.5576,2016-04-18 01:00
0.5577,2016-04-18 00:00
0.5577,2016-04-17 23:00
0.5578,2016-04-17 22:00
0.5579,2016-04-17 21:00
0.5580,2016-04-17 20:00
0.5580,2016-04-17 19:00
0.5581,2016-04-17 18:00
0.5582,2016-04-17 17:00
0.5583,2016-04-17 16:00
0.5583,2016-04-17 15:00
0.5584,2016-04-17 14:00
0.5585,2016-04-17 13:00
0.5586,2016-04-17 12:00
0.5586,2016-04-17 11:00
0.5587,2016-04-17 10:00
0.5588,2016-04-17 09:00
0.5588,2016-04-17 08:00
0.5589,2016-04-17 07:00
0.5590,2016-04-17 06:00
0.5591,2016-04-17 05:00
0.5591,2016-04-17 04:00
0.5592,2016-04-17 03:00
0.5593,2016-04-17 02:00
0.5593,2016-04-17 01:00
0.5594,2016-04-17 00:00
0.5595,2016-04-16 23:00
0.5596,2016-04-16 22:00
0.5596,2016-04-16 21:00
0.5597,2016-04-16 20:00
0.5598,2016-04-16 19:00
0.5598,2016-04-16 18:00
0.5599,2016-04-16 17:00
0.5600,2016-04-16 16:00
0.5600,2016-04-16 15:00
0.5601,2016-04-16 14:00
0.5602,2016-04-16 13:00
0.5602,2016-04-16 12:00
0.5603,2016-04-16 11:00
0.5604,2016-04-16 10:00
0.5605,2016-04-16 09:00
0.5605,2016-04-16 08:00
0.5606,2016-04-16 07:00
0.5607,2016-04-16 06:00
0.5607,2016-04-16 05:00
0.5608,2016-04-16 04:00
0.5609,2016-04-16 03:00
0.5609,2016-04-16 02:00
0.5610,2016-04-16 01:00
0.5610,2016-04-16 00:00
0.5611,2016-04-15 23:00
0.5612,2016-04-15 22:00
0.5612,2016-04-15 21:00
0.5613,2016-04-15 20:00
0.5614,2016-04-15 19:00
0.5614,2016-04-15 18:00
0.5615,2016-04-15 17:00
0.5616,2016-04-15 16:00
0.5616,2016-04-15 15:00
0.5617,2016-04-15 14:00
0.5617,2016-04-15 13:00
0.5618,2016-04-15 12:00
0.5619,2016-04-15 11:00
0.5619,2016-04-15 10:00
0.5620,2016-04-15 09:00
0.5621,2016-04-15 08:00
0.5621,2016-04-15 07:00
0.5622,2016-04-15 06:00
0.5622,2016-04-15 05:00
0.5623,2016-04-15 04:00
0.5624,2016-04-15 03:00
0.5624,2016-04-15 02:00
0.5625,2016-04-15 01:00
0.5625,2016-04-15 00:00
0.5626,2016-04-14 23:00
0.5627,2016-04-14 22:00
0.5627,2016-04-14 21:00
0.5628,2016-04-14 20:00
0.5628,2016-04-14 19:00
0.5629,2016-04-14 18:00
0.5629,2016-04-14 17:00
0.5630,2016-04-14 16:00
0.5631,2016-04-14 15:00
0.5631,2016-04-14 14:00
0.5632,2016-04-14 13:00
0.5632,2016-04-14 12:00
0.5633,2016-04-14 11:00
0.5634,2016-04-14 10:00
0.5635,2016-04-14 09:00
0.5635,2016-04-14 08:00
0.5636,2016-04-14 07:00
0.5637,2016-04-14 06:00
0.5638,2016-04-14 05:00
0.5639,2016-04-14 04:00
0.5641,2016-04-14 03:00
0.5642,2016-04-14 02:00
0.5644,2016-04-14 01:00
0.5645,2016-04-14 00:00
0.5646,2016-04-13 23:00
0.5647,2016-04-13 22:00
0.5648,2016-04-13 21:00
0.5648,2016-04-13 20:00
0.5648,2016-04-13 19:00
0.5647,2016-04-13 18:00
0.5646,2016-04-13 17:00
0.5645,2016-04-13 16:00
0.5645,2016-04-13 15:00
0.5644,2016-04-13 14:00
0.5644,2016-04-13 13:00
0.5645,2016-04-13 12:00
0.5645,2016-04-13 11:00
0.5646,2016-04-13 10:00
0.5646,2016-04-13 09:00
0.5647,2016-04-13 08:00
0.5647,2016-04-13 07:00
0.5648,2016-04-13 06:00
0.5648,2016-04-13 05:00
0.5649,2016-04-13 04:00
0.5649,2016-04-13 03:00
0.5649,2016-04-13 02:00
0.5650,2016-04-13 01:00
0.5650,2016-04-13 00:00
0.5651,2016-04-12 23:00
0.5651,2016-04-12 22:00
0.5652,2016-04-12 21:00
0.5652,2016-04-12 20:00
0.5653,2016-04-12 19:00
0.5653,2016-04-12 18:00
0.5653,2016-04-12 17:00
0.5654,2016-04-12 16:00
0.5654,2016-04-12 15:00
0.5655,2016-04-12 14:00
0.5655,2016-04-12 13:00
0.5656,2016-04-12 12:00
0.5656,2016-04-12 11:00
0.5656,2016-04-12 10:00
0.5657,2016-04-12 09:00
0.5657,2016-04-12 08:00
0.5658,2016-04-12 07:00
0.5658,2016-04-12 06:00
0.5659,2016-04-12 05:00
0.5659,2016-04-12 04:00
0.5660,2016-04-12 03:00
0.5661,2016-04-12 02:00
0.5661,2016-04-12 01:00
0.5663,2016-04-12 00:00
0.5664,2016-04-11 23:00
0.5666,2016-04-11 22:00
0.5668,2016-04-11 21:00
0.5672,2016-04-11 20:00
0.5676,2016-04-11 19:00
0.5682,2016-04-11 18:00
0.5691,2016-04-11 17:00
0.5701,2016-04-11 16:00
0.5715,2016-04-11 15:00
0.5731,2016-04-11 14:00
0.5752,2016-04-11 13:00
0.5776,2016-04-11 12:00
0.5804,2016-04-11 11:00
0.5835,2016-04-11 10:00
0.5867,2016-04-11 09:00
0.5900,2016-04-11 08:00
0.5933,2016-04-11 07:00
0.5963,2016-04-11 06:00
0.5990,2016-04-11 05:00
0.6014,2016-04-11 04:00
0.6032,2016-04-11 03:00
0.6046,2016-04-11 02:00
0.6052,2016-04-11 01:00
0.6049,2016-04-11 00:00
0.6033,2016-04-10 23:00
0.6001,2016-04-10 22:00
0.5946,2016-04-10 21:00
0.5855,2016-04-10 20:00
0.5763,2016-04-10 19:00
0.5705,2016-04-10 18:00
0.5672,2016-04-10 17:00
0.5672,2016-04-10 16:00
0.5672,2016-04-10 15:00
0.5672,2016-04-10 14:00
0.5673,2016-04-10 13:00
0.5673,2016-04-10 12:00
0.5673,2016-04-10 11:00
0.5674,2016-04-10 10:00
0.5674,2016-04-10 09:00
0.5674,2016-04-10 08:00
0.5675,2016-04-10 07:00
0.5675,2016-04-10 06:00
0.5676,2016-04-10 05:00
0.5677,2016-04-10 04:00
0.5677,2016-04-10 03:00
0.5678,2016-04-10 02:00
0.5680,2016-04-10 01:00
0.5682,2016-04-10 00:00
0.5684,2016-04-09 23:00
0.5688,2016-04-09 22:00
0.5692,2016-04-09 21:00
0.5699,2016-04-09 20:00
0.5708,2016-04-09 19:00
0.5719,2016-04-09 18:00
0.5734,2016-04-09 17:00
0.5753,2016-04-09 16:00
0.5777,2016-04-09 15:00
0.5806,2016-04-09 14:00
0.5839,2016-04-09 13:00
0.5876,2016-04-09 12:00
0.5915,2016-04-09 11:00
0.5956,2016-04-09 10:00
0.5994,2016-04-09 09:00
0.6028,2016-04-09 08:00
0.6055,2016-04-09 07:00
0.6075,2016-04-09 06:00
0.6087,2016-04-09 05:00
0.6091,2016-04-09 04:00
0.6088,2016-04-09 03:00
0.6081,2016-04-09 02:00
0.6068,2016-04-09 01:00
0.6051,2016-04-09 00:00
0.6030,2016-04-08 23:00
0.5992,2016-04-08 22:00
0.5951,2016-04-08 21:00
0.5919,2016-04-08 20:00
0.5903,2016-04-08 19:00
0.5917,2016-04-08 18:00
0.5938,2016-04-08 17:00
0.5955,2016-04-08 16:00
0.5967,2016-04-08 15:00
0.5973,2016-04-08 14:00
0.5974,2016-04-08 13:00
0.5969,2016-04-08 12:00
0.5957,2016-04-08 11:00
0.5937,2016-04-08 10:00
0.5907,2016-04-08 09:00
0.5860,2016-04-08 08:00
0.5803,2016-04-08 07:00
0.5753,2016-04-08 06:00
0.5712,2016-04-08 05:00
0.5693,2016-04-08 04:00
0.5695,2016-04-08 03:00
0.5698,2016-04-08 02:00
0.5701,2016-04-08 01:00
0.5705,2016-04-08 00:00
0.5710,2016-04-07 23:00
0.5717,2016-04-07 22:00
0.5725,2016-04-07 21:00
0.5735,2016-04-07 20:00
0.5747,2016-04-07 19:00
0.5760,2016-04-07 18:00
0.5775,2016-04-07 17:00
0.5791,2016-04-07 16:00
0.5807,2016-04-07 15:00
0.5823,2016-04-07 14:00
0.5839,2016-04-07 13:00
0.5856,2016-04-07 12:00
0.5874,2016-04-07 11:00
0.5893,2016-04-07 10:00
0.5914,2016-04-07 09:00
0.5939,2016-04-07 08:00
0.5966,2016-04-07 07:00
0.5996,2016-04-07 06:00
0.6028,2016-04-07 05:00
0.6061,2016-04-07 04:00
0.6089,2016-04-07 03:00
0.6131,2016-04-07 02:00
0.6205,2016-04-07 01:00
0.6289,2016-04-07 00:00
0.6374,2016-04-06 23:00
0.6454,2016-04-06 22:00
0.6524,2016-04-06 21:00
0.6577,2016-04-06 20:00
0.6623,2016-04-06 19:00
0.6671,2016-04-06 18:00
0.6705,2016-04-06 17:00
0.6728,2016-04-06 16:00
0.6740,2016-04-06 15:00
0.6734,2016-04-06 14:00
0.6700,2016-04-06 13:00
0.6615,2016-04-06 12:00
0.6499,2016-04-06 11:00
0.6375,2016-04-06 10:00
0.6172,2016-04-06 09:00
0.5960,2016-04-06 08:00
0.5879,2016-04-06 07:00
0.5870,2016-04-06 06:00
0.5879,2016-04-06 05:00
0.5886,2016-04-06 04:00
0.5891,2016-04-06 03:00
0.5894,2016-04-06 02:00
0.5893,2016-04-06 01:00
0.5888,2016-04-06 00:00
0.5874,2016-04-05 23:00
0.5849,2016-04-05 22:00
0.5809,2016-04-05 21:00
0.5758,2016-04-05 20:00
0.5726,2016-04-05 19:00
0.5720,2016-04-05 18:00
0.5712,2016-04-05 17:00
0.5713,2016-04-05 16:00
0.5714,2016-04-05 15:00
0.5714,2016-04-05 14:00
0.5715,2016-04-05 13:00
0.5715,2016-04-05 12:00
0.5716,2016-04-05 11:00
0.5716,2016-04-05 10:00
0.5717,2016-04-05 09:00
0.5717,2016-04-05 08:00
0.5718,2016-04-05 07:00
0.5718,2016-04-05 06:00
0.5719,2016-04-05 05:00
0.5719,2016-04-05 04:00
0.5720,2016-04-05 03:00
0.5720,2016-04-05 02:00
0.5721,2016-04-05 01:00
0.5721,2016-04-05 00:00
0.5721,2016-04-04 23:00
0.5722,2016-04-04 22:00
0.5722,2016-04-04 21:00
0.5723,2016-04-04 20:00
0.5723,2016-04-04 19:00
0.5724,2016-04-04 18:00
0.5724,2016-04-04 17:00
0.5725,2016-04-04 16:00
0.5725,2016-04-04 15:00
0.5726,2016-04-04 14:00
0.5726,2016-04-04 13:00
0.5726,2016-04-04 12:00
0.5727,2016-04-04 11:00
0.5727,2016-04-04 10:00
0.5728,2016-04-04 09:00
0.5728,2016-04-04 08:00
0.5729,2016-04-04 07:00
0.5729,2016-04-04 06:00
0.5729,2016-04-04 05:00
0.5730,2016-04-04 04:00
0.5730,2016-04-04 03:00
0.5731,2016-04-04 02:00
0.5731,2016-04-04 01:00
0.5731,2016-04-04 00:00
0.5732,2016-04-03 23:00
0.5732,2016-04-03 22:00
0.5733,2016-04-03 21:00
0.5733,2016-04-03 20:00
0.5734,2016-04-03 19:00
0.5734,2016-04-03 18:00
0.5735,2016-04-03 17:00
0.5735,2016-04-03 16:00
0.5736,2016-04-03 15:00
0.5737,2016-04-03 14:00
0.5739,2016-04-03 13:00
0.5740,2016-04-03 12:00
0.5743,2016-04-03 11:00
0.5745,2016-04-03 10:00
0.5749,2016-04-03 09:00
0.5754,2016-04-03 08:00
0.5760,2016-04-03 07:00
0.5768,2016-04-03 06:00
0.5777,2016-04-03 05:00
0.5788,2016-04-03 04:00
0.5801,2016-04-03 03:00
0.5815,2016-04-03 02:00
0.5829,2016-04-03 01:00
0.5843,2016-04-03 00:00
0.5856,2016-04-02 23:00
0.5866,2016-04-02 22:00
0.5874,2016-04-02 21:00
0.5880,2016-04-02 20:00
0.5883,2016-04-02 19:00
0.5885,2016-04-02 18:00
0.5886,2016-04-02 17:00
0.5887,2016-04-02 16:00
0.5888,2016-04-02 15:00
0.5887,2016-04-02 14:00
0.5884,2016-04-02 13:00
0.5877,2016-04-02 12:00
0.5858,2016-04-02 11:00
0.5852,2016-04-02 10:00
0.5881,2016-04-02 09:00
0.5913,2016-04-02 08:00
0.5949,2016-04-02 07:00
0.5987,2016-04-02 06:00
0.6027,2016-04-02 05:00
0.6067,2016-04-02 04:00
0.6107,2016-04-02 03:00
0.6143,2016-04-02 02:00
0.6176,2016-04-02 01:00
0.6203,2016-04-02 00:00
0.6224,2016-04-01 23:00
0.6237,2016-04-01 22:00
0.6239,2016-04-01 21:00
0.6226,2016-04-01 20:00
0.6194,2016-04-01 19:00
0.6144,2016-04-01 18:00
0.6087,2016-04-01 17:00
0.6026,2016-04-01 16:00
0.5967,2016-04-01 15:00
0.5917,2016-04-01 14:00
0.5866,2016-04-01 13:00
0.5826,2016-04-01 12:00
0.5812,2016-04-01 11:00
0.5829,2016-04-01 10:00
0.5849,2016-04-01 09:00
0.5873,2016-04-01 08:00
0.5898,2016-04-01 07:00
0.5925,2016-04-01 06:00
0.5949,2016-04-01 05:00
0.5970,2016-04-01 04:00
0.5988,2016-04-01 03:00
0.6012,2016-04-01 02:00
0.6065,2016-04-01 01:00
0.6216,2016-04-01 00:00
