Q,dt
0.2513,2016-12-01 00:00
0.2486,2016-11-30 23:00
0.2460,2016-11-30 22:00
0.2435,2016-11-30 21:00
0.2413,2016-11-30 20:00
0.2398,2016-11-30 19:00
0.2398,2016-11-30 18:00
0.2398,2016-11-30 17:00
0.2398,2016-11-30 16:00
0.2398,2016-11-30 15:00
0.2397,2016-11-30 14:00
0.2397,2016-11-30 13:00
0.2397,2016-11-30 12:00
0.2397,2016-11-30 11:00
0.2397,2016-11-30 10:00
0.2397,2016-11-30 09:00
0.2397,2016-11-30 08:00
0.2397,2016-11-30 07:00
0.2398,2016-11-30 06:00
0.2399,2016-11-30 05:00
0.2400,2016-11-30 04:00
0.2401,2016-11-30 03:00
0.2404,2016-11-30 02:00
0.2407,2016-11-30 01:00
0.2411,2016-11-30 00:00
0.2416,2016-11-29 23:00
0.2423,2016-11-29 22:00
0.2432,2016-11-29 21:00
0.2442,2016-11-29 20:00
0.2455,2016-11-29 19:00
0.2469,2016-11-29 18:00
0.2485,2016-11-29 17:00
0.2503,2016-11-29 16:00
0.2520,2016-11-29 15:00
0.2537,2016-11-29 14:00
0.2553,2016-11-29 13:00
0.2567,2016-11-29 12:00
0.2578,2016-11-29 11:00
0.2588,2016-11-29 10:00
0.2595,2016-11-29 09:00
0.2600,2016-11-29 08:00
0.2603,2016-11-29 07:00
0.2605,2016-11-29 06:00
0.2608,2016-11-29 05:00
0.2617,2016-11-29 04:00
0.2631,2016-11-29 03:00
0.2644,2016-11-29 02:00
0.2664,2016-11-29 01:00
0.2723,2016-11-29 00:00
0.2808,2016-11-28 23:00
0.2913,2016-11-28 22:00
0.3041,2016-11-28 21:00
0.3194,2016-11-28 20:00
0.3376,2016-11-28 19:00
0.3587,2016-11-28 18:00
0.3826,2016-11-28 17:00
0.4094,2016-11-28 16:00
0.4379,2016-11-28 15:00
0.4661,2016-11-28 14:00
0.4919,2016-11-28 13:00
0.5123,2016-11-28 12:00
0.5246,2016-11-28 11:00
0.5267,2016-11-28 10:00
0.5184,2016-11-28 09:00
0.4976,2016-11-28 08:00
0.4638,2016-11-28 07:00
0.4246,2016-11-28 06:00
0.3867,2016-11-28 05:00
0.3459,2016-11-28 04:00
0.3016,2016-11-28 03:00
0.2665,2016-11-28 02:00
0.2453,2016-11-28 01:00
0.2401,2016-11-28 00:00
0.2386,2016-11-27 23:00
0.2386,2016-11-27 22:00
0.2386,2016-11-27 21:00
0.2386,2016-11-27 20:00
0.2386,2016-11-27 19:00
0.2386,2016-11-27 18:00
0.2386,2016-11-27 17:00
0.2387,2016-11-27 16:00
0.2387,2016-11-27 15:00
0.2387,2016-11-27 14:00
0.2387,2016-11-27 13:00
0.2387,2016-11-27 12:00
0.2387,2016-11-27 11:00
0.2387,2016-11-27 10:00
0.2387,2016-11-27 09:00
0.2387,2016-11-27 08:00
0.2387,2016-11-27 07:00
0.2388,2016-11-27 06:00
0.2388,2016-11-27 05:00
0.2388,2016-11-27 04:00
0.2388,2016-11-27 03:00
0.2388,2016-11-27 02:00
0.2388,2016-11-27 01:00
0.2388,2016-11-27 00:00
0.2388,2016-11-26 23:00
0.2388,2016-11-26 22:00
0.2388,2016-11-26 21:00
0.2388,2016-11-26 20:00
0.2389,2016-11-26 19:00
0.2389,2016-11-26 18:00
0.2389,2016-11-26 17:00
0.2389,2016-11-26 16:00
0.2389,2016-11-26 15:00
0.2389,2016-11-26 14:00
0.2389,2016-11-26 13:00
0.2389,2016-11-26 12:00
0.2389,2016-11-26 11:00
0.2389,2016-11-26 10:00
0.2389,2016-11-26 09:00
0.2389,2016-11-26 08:00
0.2390,2016-11-26 07:00
0.2390,2016-11-26 06:00
0.2390,2016-11-26 05:00
0.2390,2016-11-26 04:00
0.2390,2016-11-26 03:00
0.2390,2016-11-26 02:00
0.2390,2016-11-26 01:00
0.2390,2016-11-26 00:00
0.2390,2016-11-25 23:00
0.2390,2016-11-25 22:00
0.2390,2016-11-25 21:00
0.2390,2016-11-25 20:00
0.2390,2016-11-25 19:00
0.2390,2016-11-25 18:00
0.2391,2016-11-25 17:00
0.2391,2016-11-25 16:00
0.2391,2016-11-25 15:00
0.2391,2016-11-25 14:00
0.2391,2016-11-25 13:00
0.2391,2016-11-25 12:00
0.2391,2016-11-25 11:00
0.2391,2016-11-25 10:00
0.2391,2016-11-25 09:00
0.2391,2016-11-25 08:00
0.2391,2016-11-25 07:00
0.2391,2016-11-25 06:00
0.2391,2016-11-25 05:00
0.2391,2016-11-25 04:00
0.2392,2016-11-25 03:00
0.2392,2016-11-25 02:00
0.2392,2016-11-25 01:00
0.2392,2016-11-25 00:00
0.2392,2016-11-24 23:00
0.2393,2016-11-24 22:00
0.2394,2016-11-24 21:00
0.2394,2016-11-24 20:00
0.2396,2016-11-24 19:00
0.2397,2016-11-24 18:00
0.2399,2016-11-24 17:00
0.2402,2016-11-24 16:00
0.2406,2016-11-24 15:00
0.2412,2016-11-24 14:00
0.2419,2016-11-24 13:00
0.2428,2016-11-24 12:00
0.2440,2016-11-24 11:00
0.2455,2016-11-24 10:00
0.2473,2016-11-24 09:00
0.2495,2016-11-24 08:00
0.2522,2016-11-24 07:00
0.2553,2016-11-24 06:00
0.2587,2016-11-24 05:00
0.2626,2016-11-24 04:00
0.2667,2016-11-24 03:00
0.2710,2016-11-24 02:00
0.2754,2016-11-24 01:00
0.2797,2016-11-24 00:00
0.2838,2016-11-23 23:00
0.2876,2016-11-23 22:00
0.2910,2016-11-23 21:00
0.2938,2016-11-23 20:00
0.2959,2016-11-23 19:00
0.2972,2016-11-23 18:00
0.2976,2016-11-23 17:00
0.2972,2016-11-23 16:00
0.2962,2016-11-23 15:00
0.2940,2016-11-23 14:00
0.2903,2016-11-23 13:00
0.2879,2016-11-23 12:00
0.2879,2016-11-23 11:00
0.2879,2016-11-23 10:00
0.2863,2016-11-23 09:00
0.2842,2016-11-23 08:00
0.2815,2016-11-23 07:00
0.2774,2016-11-23 06:00
0.2737,2016-11-23 05:00
0.2688,2016-11-23 04:00
0.2629,2016-11-23 03:00
0.2573,2016-11-23 02:00
0.2536,2016-11-23 01:00
0.2498,2016-11-23 00:00
0.2444,2016-11-22 23:00
0.2412,2016-11-22 22:00
0.2401,2016-11-22 21:00
0.2399,2016-11-22 20:00
0.2397,2016-11-22 19:00
0.2398,2016-11-22 18:00
0.2398,2016-11-22 17:00
0.2398,2016-11-22 16:00
0.2398,2016-11-22 15:00
0.2399,2016-11-22 14:00
0.2399,2016-11-22 13:00
0.2399,2016-11-22 12:00
0.2399,2016-11-22 11:00
0.2400,2016-11-22 10:00
0.2400,2016-11-22 09:00
0.2400,2016-11-22 08:00
0.2400,2016-11-22 07:00
0.2401,2016-11-22 06:00
0.2401,2016-11-22 05:00
0.2401,2016-11-22 04:00
0.2401,2016-11-22 03:00
0.2401,2016-11-22 02:00
0.2402,2016-11-22 01:00
0.2402,2016-11-22 00:00
0.2402,2016-11-21 23:00
0.2402,2016-11-21 22:00
0.2403,2016-11-21 21:00
0.2403,2016-11-21 20:00
0.2403,2016-11-21 19:00
0.2403,2016-11-21 18:00
0.2404,2016-11-21 17:00
0.2404,2016-11-21 16:00
0.2404,2016-11-21 15:00
0.2404,2016-11-21 14:00
0.2405,2016-11-21 13:00
0.2405,2016-11-21 12:00
0.2405,2016-11-21 11:00
0.2405,2016-11-21 10:00
0.2405,2016-11-21 09:00
0.2406,2016-11-21 08:00
0.2406,2016-11-21 07:00
0.2406,2016-11-21 06:00
0.2406,2016-11-21 05:00
0.2407,2016-11-21 04:00
0.2407,2016-11-21 03:00
0.2407,2016-11-21 02:00
0.2407,2016-11-21 01:00
0.2407,2016-11-21 00:00
0.2408,2016-11-20 23:00
0.2408,2016-11-20 22:00
0.2408,2016-11-20 21:00
0.2408,2016-11-20 20:00
0.2409,2016-11-20 19:00
0.2409,2016-11-20 18:00
0.2409,2016-11-20 17:00
0.2409,2016-11-20 16:00
0.2409,2016-11-20 15:00
0.2410,2016-11-20 14:00
0.2410,2016-11-20 13:00
0.2410,2016-11-20 12:00
0.2410,2016-11-20 11:00
0.2410,2016-11-20 10:00
0.2411,2016-11-20 09:00
0.2411,2016-11-20 08:00
0.2411,2016-11-20 07:00
0.2411,2016-11-20 06:00
0.2412,2016-11-20 05:00
0.2412,2016-11-20 04:00
0.2412,2016-11-20 03:00
0.2412,2016-11-20 02:00
0.2412,2016-11-20 01:00
0.2413,2016-11-20 00:00
0.2413,2016-11-19 23:00
0.2413,2016-11-19 22:00
0.2413,2016-11-19 21:00
0.2413,2016-11-19 20:00
0.2414,2016-11-19 19:00
0.2414,2016-11-19 18:00
0.2414,2016-11-19 17:00
0.2414,2016-11-19 16:00
0.2414,2016-11-19 15:00
0.2415,2016-11-19 14:00
0.2415,2016-11-19 13:00
0.2415,2016-11-19 12:00
0.2415,2016-11-19 11:00
0.2415,2016-11-19 10:00
0.2416,2016-11-19 09:00
0.2416,2016-11-19 08:00
0.2416,2016-11-19 07:00
0.2416,2016-11-19 06:00
0.2416,2016-11-19 05:00
0.2417,2016-11-19 04:00
0.2417,2016-11-19 03:00
0.2417,2016-11-19 02:00
0.2417,2016-11-19 01:00
0.2417,2016-11-19 00:00
0.2418,2016-11-18 23:00
0.2418,2016-11-18 22:00
0.2418,2016-11-18 21:00
0.2418,2016-11-18 20:00
0.2418,2016-11-18 19:00
0.2419,2016-11-18 18:00
0.2419,2016-11-18 17:00
0.2419,2016-11-18 16:00
0.2419,2016-11-18 15:00
0.2419,2016-11-18 14:00
0.2420,2016-11-18 13:00
0.2420,2016-11-18 12:00
0.2420,2016-11-18 11:00
0.2420,2016-11-18 10:00
0.2420,2016-11-18 09:00
0.2420,2016-11-18 08:00
0.2421,2016-11-18 07:00
0.2421,2016-11-18 06:00
0.2421,2016-11-18 05:00
0.2421,2016-11-18 04:00
0.2421,2016-11-18 03:00
0.2422,2016-11-18 02:00
0.2422,2016-11-18 01:00
0.2422,2016-11-18 00:00
0.2422,2016-11-17 23:00
0.2422,2016-11-17 22:00
0.2422,2016-11-17 21:00
0.2423,2016-11-17 20:00
0.2423,2016-11-17 19:00
0.2423,2016-11-17 18:00
0.2423,2016-11-17 17:00
0.2423,2016-11-17 16:00
0.2424,2016-11-17 15:00
0.2424,2016-11-17 14:00
0.2424,2016-11-17 13:00
0.2424,2016-11-17 12:00
0.2424,2016-11-17 11:00
0.2424,2016-11-17 10:00
0.2425,2016-11-17 09:00
0.2425,2016-11-17 08:00
0.2425,2016-11-17 07:00
0.2425,2016-11-17 06:00
0.2425,2016-11-17 05:00
0.2425,2016-11-17 04:00
0.2426,2016-11-17 03:00
0.2426,2016-11-17 02:00
0.2426,2016-11-17 01:00
0.2426,2016-11-17 00:00
0.2426,2016-11-16 23:00
0.2426,2016-11-16 22:00
0.2427,2016-11-16 21:00
0.2427,2016-11-16 20:00
0.2427,2016-11-16 19:00
0.2427,2016-11-16 18:00
0.2427,2016-11-16 17:00
0.2427,2016-11-16 16:00
0.2427,2016-11-16 15:00
0.2428,2016-11-16 14:00
0.2428,2016-11-16 13:00
0.2428,2016-11-16 12:00
0.2428,2016-11-16 11:00
0.2428,2016-11-16 10:00
0.2428,2016-11-16 09:00
0.2429,2016-11-16 08:00
0.2429,2016-11-16 07:00
0.2429,2016-11-16 06:00
0.2429,2016-11-16 05:00
0.2429,2016-11-16 04:00
0.2429,2016-11-16 03:00
0.2429,2016-11-16 02:00
0.2430,2016-11-16 01:00
0.2430,2016-11-16 00:00
0.2430,2016-11-15 23:00
0.2430,2016-11-15 22:00
0.2430,2016-11-15 21:00
0.2430,2016-11-15 20:00
0.2430,2016-11-15 19:00
0.2431,2016-11-15 18:00
0.2431,2016-11-15 17:00
0.2431,2016-11-15 16:00
0.2431,2016-11-15 15:00
0.2431,2016-11-15 14:00
0.2431,2016-11-15 13:00
0.2431,2016-11-15 12:00
0.2432,2016-11-15 11:00
0.2432,2016-11-15 10:00
0.2432,2016-11-15 09:00
0.2432,2016-11-15 08:00
0.2432,2016-11-15 07:00
0.2432,2016-11-15 06:00
0.2432,2016-11-15 05:00
0.2433,2016-11-15 04:00
0.2433,2016-11-15 03:00
0.2433,2016-11-15 02:00
0.2433,2016-11-15 01:00
0.2433,2016-11-15 00:00
0.2433,2016-11-14 23:00
0.2433,2016-11-14 22:00
0.2433,2016-11-14 21:00
0.2434,2016-11-14 20:00
0.2434,2016-11-14 19:00
0.2434,2016-11-14 18:00
0.2434,2016-11-14 17:00
0.2434,2016-11-14 16:00
0.2434,2016-11-14 15:00
0.2434,2016-11-14 14:00
0.2434,2016-11-14 13:00
0.2434,2016-11-14 12:00
0.2435,2016-11-14 11:00
0.2435,2016-11-14 10:00
0.2435,2016-11-14 09:00
0.2435,2016-11-14 08:00
0.2435,2016-11-14 07:00
0.2435,2016-11-14 06:00
0.2435,2016-11-14 05:00
0.2435,2016-11-14 04:00
0.2435,2016-11-14 03:00
0.2436,2016-11-14 02:00
0.2436,2016-11-14 01:00
0.2436,2016-11-14 00:00
0.2436,2016-11-13 23:00
0.2436,2016-11-13 22:00
0.2436,2016-11-13 21:00
0.2436,2016-11-13 20:00
0.2436,2016-11-13 19:00
0.2436,2016-11-13 18:00
0.2437,2016-11-13 17:00
0.2437,2016-11-13 16:00
0.2437,2016-11-13 15:00
0.2437,2016-11-13 14:00
0.2437,2016-11-13 13:00
0.2437,2016-11-13 12:00
0.2437,2016-11-13 11:00
0.2437,2016-11-13 10:00
0.2437,2016-11-13 09:00
0.2437,2016-11-13 08:00
0.2437,2016-11-13 07:00
0.2438,2016-11-13 06:00
0.2438,2016-11-13 05:00
0.2438,2016-11-13 04:00
0.2438,2016-11-13 03:00
0.2438,2016-11-13 02:00
0.2438,2016-11-13 01:00
0.2438,2016-11-13 00:00
0.2438,2016-11-12 23:00
0.2438,2016-11-12 22:00
0.2438,2016-11-12 21:00
0.2438,2016-11-12 20:00
0.2438,2016-11-12 19:00
0.2439,2016-11-12 18:00
0.2439,2016-11-12 17:00
0.2439,2016-11-12 16:00
0.2439,2016-11-12 15:00
0.2439,2016-11-12 14:00
0.2439,2016-11-12 13:00
0.2439,2016-11-12 12:00
0.2439,2016-11-12 11:00
0.2439,2016-11-12 10:00
0.2439,2016-11-12 09:00
0.2439,2016-11-12 08:00
0.2439,2016-11-12 07:00
0.2439,2016-11-12 06:00
0.2439,2016-11-12 05:00
0.2440,2016-11-12 04:00
0.2440,2016-11-12 03:00
0.2440,2016-11-12 02:00
0.2440,2016-11-12 01:00
0.2440,2016-11-12 00:00
0.2440,2016-11-11 23:00
0.2440,2016-11-11 22:00
0.2440,2016-11-11 21:00
0.2440,2016-11-11 20:00
0.2440,2016-11-11 19:00
0.2440,2016-11-11 18:00
0.2440,2016-11-11 17:00
0.2440,2016-11-11 16:00
0.2440,2016-11-11 15:00
0.2440,2016-11-11 14:00
0.2440,2016-11-11 13:00
0.2440,2016-11-11 12:00
0.2440,2016-11-11 11:00
0.2441,2016-11-11 10:00
0.2441,2016-11-11 09:00
0.2441,2016-11-11 08:00
0.2441,2016-11-11 07:00
0.2441,2016-11-11 06:00
0.2441,2016-11-11 05:00
0.2441,2016-11-11 04:00
0.2441,2016-11-11 03:00
0.2441,2016-11-11 02:00
0.2441,2016-11-11 01:00
0.2441,2016-11-11 00:00
0.2441,2016-11-10 23:00
0.2441,2016-11-10 22:00
0.2441,2016-11-10 21:00
0.2441,2016-11-10 20:00
0.2441,2016-11-10 19:00
0.2441,2016-11-10 18:00
0.2441,2016-11-10 17:00
0.2441,2016-11-10 16:00
0.2441,2016-11-10 15:00
0.2441,2016-11-10 14:00
0.2441,2016-11-10 13:00
0.2441,2016-11-10 12:00
0.2441,2016-11-10 11:00
0.2441,2016-11-10 10:00
0.2441,2016-11-10 09:00
0.2441,2016-11-10 08:00
0.2441,2016-11-10 07:00
0.2441,2016-11-10 06:00
0.2441,2016-11-10 05:00
0.2441,2016-11-10 04:00
0.2441,2016-11-10 03:00
0.2441,2016-11-10 02:00
0.2441,2016-11-10 01:00
0.2441,2016-11-10 00:00
0.2441,2016-11-09 23:00
0.2441,2016-11-09 22:00
0.2441,2016-11-09 21:00
0.2442,2016-11-09 20:00
0.2442,2016-11-09 19:00
0.2442,2016-11-09 18:00
0.2442,2016-11-09 17:00
0.2442,2016-11-09 16:00
0.2442,2016-11-09 15:00
0.2442,2016-11-09 14:00
0.2442,2016-11-09 13:00
0.2442,2016-11-09 12:00
0.2442,2016-11-09 11:00
0.2443,2016-11-09 10:00
0.2443,2016-11-09 09:00
0.2443,2016-11-09 08:00
0.2444,2016-11-09 07:00
0.2445,2016-11-09 06:00
0.2446,2016-11-09 05:00
0.2448,2016-11-09 04:00
0.2450,2016-11-09 03:00
0.2452,2016-11-09 02:00
0.2455,2016-11-09 01:00
0.2459,2016-11-09 00:00
0.2464,2016-11-08 23:00
0.2469,2016-11-08 22:00
0.2475,2016-11-08 21:00
0.2481,2016-11-08 20:00
0.2488,2016-11-08 19:00
0.2495,2016-11-08 18:00
0.2501,2016-11-08 17:00
0.2507,2016-11-08 16:00
0.2511,2016-11-08 15:00
0.2513,2016-11-08 14:00
0.2514,2016-11-08 13:00
0.2513,2016-11-08 12:00
0.2508,2016-11-08 11:00
0.2499,2016-11-08 10:00
0.2493,2016-11-08 09:00
0.2488,2016-11-08 08:00
0.2482,2016-11-08 07:00
0.2477,2016-11-08 06:00
0.2467,2016-11-08 05:00
0.2446,2016-11-08 04:00
0.2441,2016-11-08 03:00
0.2441,2016-11-08 02:00
0.2441,2016-11-08 01:00
0.2441,2016-11-08 00:00
0.2441,2016-11-07 23:00
0.2440,2016-11-07 22:00
0.2440,2016-11-07 21:00
0.2440,2016-11-07 20:00
0.2440,2016-11-07 19:00
0.2440,2016-11-07 18:00
0.2440,2016-11-07 17:00
0.2440,2016-11-07 16:00
0.2440,2016-11-07 15:00
0.2440,2016-11-07 14:00
0.2440,2016-11-07 13:00
0.2440,2016-11-07 12:00
0.2440,2016-11-07 11:00
0.2440,2016-11-07 10:00
0.2440,2016-11-07 09:00
0.2440,2016-11-07 08:00
0.2440,2016-11-07 07:00
0.2440,2016-11-07 06:00
0.2440,2016-11-07 05:00
0.2439,2016-11-07 04:00
0.2439,2016-11-07 03:00
0.2439,2016-11-07 02:00
0.2439,2016-11-07 01:00
0.2439,2016-11-07 00:00
0.2439,2016-11-06 23:00
0.2439,2016-11-06 22:00
0.2439,2016-11-06 21:00
0.2439,2016-11-06 20:00
0.2439,2016-11-06 19:00
0.2439,2016-11-06 18:00
0.2439,2016-11-06 17:00
0.2439,2016-11-06 16:00
0.2438,2016-11-06 15:00
0.2438,2016-11-06 14:00
0.2438,2016-11-06 13:00
0.2438,2016-11-06 12:00
0.2438,2016-11-06 11:00
0.2438,2016-11-06 10:00
0.2438,2016-11-06 09:00
0.2438,2016-11-06 08:00
0.2438,2016-11-06 07:00
0.2438,2016-11-06 06:00
0.2438,2016-11-06 05:00
0.2437,2016-11-06 04:00
0.2437,2016-11-06 03:00
0.2437,2016-11-06 02:00
0.2437,2016-11-06 01:00
0.2437,2016-11-06 00:00
0.2437,2016-11-05 23:00
0.2437,2016-11-05 22:00
0.2437,2016-11-05 21:00
0.2437,2016-11-05 20:00
0.2436,2016-11-05 19:00
0.2436,2016-11-05 18:00
0.2436,2016-11-05 17:00
0.2436,2016-11-05 16:00
0.2436,2016-11-05 15:00
0.2436,2016-11-05 14:00
0.2436,2016-11-05 13:00
0.2436,2016-11-05 12:00
0.2435,2016-11-05 11:00
0.2435,2016-11-05 10:00
0.2435,2016-11-05 09:00
0.2435,2016-11-05 08:00
0.2435,2016-11-05 07:00
0.2435,2016-11-05 06:00
0.2435,2016-11-05 05:00
0.2435,2016-11-05 04:00
0.2434,2016-11-05 03:00
0.2434,2016-11-05 02:00
0.2434,2016-11-05 01:00
0.2434,2016-11-05 00:00
0.2434,2016-11-04 23:00
0.2434,2016-11-04 22:00
0.2433,2016-11-04 21:00
0.2433,2016-11-04 20:00
0.2433,2016-11-04 19:00
0.2433,2016-11-04 18:00
0.2433,2016-11-04 17:00
0.2433,2016-11-04 16:00
0.2433,2016-11-04 15:00
0.2432,2016-11-04 14:00
0.2432,2016-11-04 13:00
0.2432,2016-11-04 12:00
0.2432,2016-11-04 11:00
0.2432,2016-11-04 10:00
0.2432,2016-11-04 09:00
0.2431,2016-11-04 08:00
0.2431,2016-11-04 07:00
0.2431,2016-11-04 06:00
0.2431,2016-11-04 05:00
0.2431,2016-11-04 04:00
0.2431,2016-11-04 03:00
0.2430,2016-11-04 02:00
0.2430,2016-11-04 01:00
0.2430,2016-11-04 00:00
0.2430,2016-11-03 23:00
0.2430,2016-11-03 22:00
0.2430,2016-11-03 21:00
0.2430,2016-11-03 20:00
0.2430,2016-11-03 19:00
0.2430,2016-11-03 18:00
0.2431,2016-11-03 17:00
0.2431,2016-11-03 16:00
0.2432,2016-11-03 15:00
0.2434,2016-11-03 14:00
0.2435,2016-11-03 13:00
0.2437,2016-11-03 12:00
0.2440,2016-11-03 11:00
0.2444,2016-11-03 10:00
0.2448,2016-11-03 09:00
0.2454,2016-11-03 08:00
0.2460,2016-11-03 07:00
0.2468,2016-11-03 06:00
0.2476,2016-11-03 05:00
0.2486,2016-11-03 04:00
0.2495,2016-11-03 03:00
0.2505,2016-11-03 02:00
0.2513,2016-11-03 01:00
0.2520,2016-11-03 00:00
0.2523,2016-11-02 23:00
0.2523,2016-11-02 22:00
0.2518,2016-11-02 21:00
0.2510,2016-11-02 20:00
0.2501,2016-11-02 19:00
0.2491,2016-11-02 18:00
0.2473,2016-11-02 17:00
0.2441,2016-11-02 16:00
0.2423,2016-11-02 15:00
0.2423,2016-11-02 14:00
0.2422,2016-11-02 13:00
0.2422,2016-11-02 12:00
0.2422,2016-11-02 11:00
0.2422,2016-11-02 10:00
0.2421,2016-11-02 09:00
0.2421,2016-11-02 08:00
0.2421,2016-11-02 07:00
0.2421,2016-11-02 06:00
0.2420,2016-11-02 05:00
0.2420,2016-11-02 04:00
0.2420,2016-11-02 03:00
0.2419,2016-11-02 02:00
0.2419,2016-11-02 01:00
0.2419,2016-11-02 00:00
0.2419,2016-11-01 23:00
0.2418,2016-11-01 22:00
0.2418,2016-11-01 21:00
0.2418,2016-11-01 20:00
0.2418,2016-11-01 19:00
0.2417,2016-11-01 18:00
0.2417,2016-11-01 17:00
0.2417,2016-11-01 16:00
0.2416,2016-11-01 15:00
0.2416,2016-11-01 14:00
0.2416,2016-11-01 13:00
0.2416,2016-11-01 12:00
0.2415,2016-11-01 11:00
0.2415,2016-11-01 10:00
0.2415,2016-11-01 09:00
0.2414,2016-11-01 08:00
0.2414,2016-11-01 07:00
0.2414,2016-11-01 06:00
0.2414,2016-11-01 05:00
0.2413,2016-11-01 04:00
0.2413,2016-11-01 03:00
0.2413,2016-11-01 02:00
0.2412,2016-11-01 01:00
0.2412,2016-11-01 00:00
0.2412,2016-10-31 23:00
0.2412,2016-10-31 22:00
0.2411,2016-10-31 21:00
0.2411,2016-10-31 20:00
0.2411,2016-10-31 19:00
0.2411,2016-10-31 18:00
0.2410,2016-10-31 17:00
0.2410,2016-10-31 16:00
0.2410,2016-10-31 15:00
0.2410,2016-10-31 14:00
0.2411,2016-10-31 13:00
0.2411,2016-10-31 12:00
0.2412,2016-10-31 11:00
0.2413,2016-10-31 10:00
0.2414,2016-10-31 09:00
0.2417,2016-10-31 08:00
0.2420,2016-10-31 07:00
0.2424,2016-10-31 06:00
0.2430,2016-10-31 05:00
0.2438,2016-10-31 04:00
0.2448,2016-10-31 03:00
0.2461,2016-10-31 02:00
0.2476,2016-10-31 01:00
0.2494,2016-10-31 00:00
0.2515,2016-10-30 23:00
0.2538,2016-10-30 22:00
0.2561,2016-10-30 21:00
0.2584,2016-10-30 20:00
0.2605,2016-10-30 19:00
0.2621,2016-10-30 18:00
0.2631,2016-10-30 17:00
0.2632,2016-10-30 16:00
0.2626,2016-10-30 15:00
0.2611,2016-10-30 14:00
0.2589,2016-10-30 13:00
0.2564,2016-10-30 12:00
0.2536,2016-10-30 11:00
0.2510,2016-10-30 10:00
0.2485,2016-10-30 09:00
0.2457,2016-10-30 08:00
0.2419,2016-10-30 07:00
0.2398,2016-10-30 06:00
0.2398,2016-10-30 05:00
0.2397,2016-10-30 04:00
0.2397,2016-10-30 03:00
0.2396,2016-10-30 02:00
0.2396,2016-10-30 01:00
0.2396,2016-10-30 00:00
0.2395,2016-10-29 23:00
0.2395,2016-10-29 22:00
0.2395,2016-10-29 21:00
0.2394,2016-10-29 20:00
0.2394,2016-10-29 19:00
0.2393,2016-10-29 18:00
0.2393,2016-10-29 17:00
0.2392,2016-10-29 16:00
0.2392,2016-10-29 15:00
0.2392,2016-10-29 14:00
0.2391,2016-10-29 13:00
0.2391,2016-10-29 12:00
0.2390,2016-10-29 11:00
0.2390,2016-10-29 10:00
0.2390,2016-10-29 09:00
0.2389,2016-10-29 08:00
0.2389,2016-10-29 07:00
0.2388,2016-10-29 06:00
0.2388,2016-10-29 05:00
0.2387,2016-10-29 04:00
0.2387,2016-10-29 03:00
0.2386,2016-10-29 02:00
0.2386,2016-10-29 01:00
0.2386,2016-10-29 00:00
0.2385,2016-10-28 23:00
0.2385,2016-10-28 22:00
0.2384,2016-10-28 21:00
0.2384,2016-10-28 20:00
0.2383,2016-10-28 19:00
0.2383,2016-10-28 18:00
0.2382,2016-10-28 17:00
0.2382,2016-10-28 16:00
0.2381,2016-10-28 15:00
0.2381,2016-10-28 14:00
0.2380,2016-10-28 13:00
0.2380,2016-10-28 12:00
0.2379,2016-10-28 11:00
0.2379,2016-10-28 10:00
0.2379,2016-10-28 09:00
0.2378,2016-10-28 08:00
0.2378,2016-10-28 07:00
0.2377,2016-10-28 06:00
0.2377,2016-10-28 05:00
0.2377,2016-10-28 04:00
0.2376,2016-10-28 03:00
0.2376,2016-10-28 02:00
0.2376,2016-10-28 01:00
0.2376,2016-10-28 00:00
0.2377,2016-10-27 23:00
0.2378,2016-10-27 22:00
0.2379,2016-10-27 21:00
0.2381,2016-10-27 20:00
0.2384,2016-10-27 19:00
0.2388,2016-10-27 18:00
0.2395,2016-10-27 17:00
0.2403,2016-10-27 16:00
0.2416,2016-10-27 15:00
0.2433,2016-10-27 14:00
0.2456,2016-10-27 13:00
0.2487,2016-10-27 12:00
0.2529,2016-10-27 11:00
0.2586,2016-10-27 10:00
0.2660,2016-10-27 09:00
0.2758,2016-10-27 08:00
0.2886,2016-10-27 07:00
0.3050,2016-10-27 06:00
0.3261,2016-10-27 05:00
0.3529,2016-10-27 04:00
0.3866,2016-10-27 03:00
0.4287,2016-10-27 02:00
0.4809,2016-10-27 01:00
0.5446,2016-10-27 00:00
0.6215,2016-10-26 23:00
0.7123,2016-10-26 22:00
0.8165,2016-10-26 21:00
0.9315,2016-10-26 20:00
1.0512,2016-10-26 19:00
1.1655,2016-10-26 18:00
1.2596,2016-10-26 17:00
1.3162,2016-10-26 16:00
1.3195,2016-10-26 15:00
1.2609,2016-10-26 14:00
1.1440,2016-10-26 13:00
0.9817,2016-10-26 12:00
0.7982,2016-10-26 11:00
0.6206,2016-10-26 10:00
0.4727,2016-10-26 09:00
0.3750,2016-10-26 08:00
0.3186,2016-10-26 07:00
0.2881,2016-10-26 06:00
0.2682,2016-10-26 05:00
0.2448,2016-10-26 04:00
0.2398,2016-10-26 03:00
0.2389,2016-10-26 02:00
0.2392,2016-10-26 01:00
0.2394,2016-10-26 00:00
0.2394,2016-10-25 23:00
0.2393,2016-10-25 22:00
0.2390,2016-10-25 21:00
0.2386,2016-10-25 20:00
0.2382,2016-10-25 19:00
0.2376,2016-10-25 18:00
0.2369,2016-10-25 17:00
0.2370,2016-10-25 16:00
0.2372,2016-10-25 15:00
0.2363,2016-10-25 14:00
0.2363,2016-10-25 13:00
0.2363,2016-10-25 12:00
0.2364,2016-10-25 11:00
0.2364,2016-10-25 10:00
0.2364,2016-10-25 09:00
0.2364,2016-10-25 08:00
0.2364,2016-10-25 07:00
0.2365,2016-10-25 06:00
0.2365,2016-10-25 05:00
0.2365,2016-10-25 04:00
0.2365,2016-10-25 03:00
0.2366,2016-10-25 02:00
0.2366,2016-10-25 01:00
0.2366,2016-10-25 00:00
0.2366,2016-10-24 23:00
0.2367,2016-10-24 22:00
0.2367,2016-10-24 21:00
0.2367,2016-10-24 20:00
0.2367,2016-10-24 19:00
0.2367,2016-10-24 18:00
0.2368,2016-10-24 17:00
0.2368,2016-10-24 16:00
0.2368,2016-10-24 15:00
0.2368,2016-10-24 14:00
0.2369,2016-10-24 13:00
0.2369,2016-10-24 12:00
0.2369,2016-10-24 11:00
0.2369,2016-10-24 10:00
0.2369,2016-10-24 09:00
0.2370,2016-10-24 08:00
0.2370,2016-10-24 07:00
0.2370,2016-10-24 06:00
0.2370,2016-10-24 05:00
0.2371,2016-10-24 04:00
0.2371,2016-10-24 03:00
0.2371,2016-10-24 02:00
0.2371,2016-10-24 01:00
0.2371,2016-10-24 00:00
0.2372,2016-10-23 23:00
0.2372,2016-10-23 22:00
0.2372,2016-10-23 21:00
0.2372,2016-10-23 20:00
0.2372,2016-10-23 19:00
0.2373,2016-10-23 18:00
0.2373,2016-10-23 17:00
0.2373,2016-10-23 16:00
0.2373,2016-10-23 15:00
0.2373,2016-10-23 14:00
0.2374,2016-10-23 13:00
0.2374,2016-10-23 12:00
0.2374,2016-10-23 11:00
0.2374,2016-10-23 10:00
0.2374,2016-10-23 09:00
0.2375,2016-10-23 08:00
0.2375,2016-10-23 07:00
0.2375,2016-10-23 06:00
0.2375,2016-10-23 05:00
0.2375,2016-10-23 04:00
0.2376,2016-10-23 03:00
0.2376,2016-10-23 02:00
0.2376,2016-10-23 01:00
0.2376,2016-10-23 00:00
0.2376,2016-10-22 23:00
0.2377,2016-10-22 22:00
0.2377,2016-10-22 21:00
0.2377,2016-10-22 20:00
0.2377,2016-10-22 19:00
0.2377,2016-10-22 18:00
0.2378,2016-10-22 17:00
0.2378,2016-10-22 16:00
0.2378,2016-10-22 15:00
0.2378,2016-10-22 14:00
0.2378,2016-10-22 13:00
0.2379,2016-10-22 12:00
0.2379,2016-10-22 11:00
0.2379,2016-10-22 10:00
0.2379,2016-10-22 09:00
0.2379,2016-10-22 08:00
0.2379,2016-10-22 07:00
0.2380,2016-10-22 06:00
0.2380,2016-10-22 05:00
0.2380,2016-10-22 04:00
0.2380,2016-10-22 03:00
0.2380,2016-10-22 02:00
0.2381,2016-10-22 01:00
0.2381,2016-10-22 00:00
0.2381,2016-10-21 23:00
0.2381,2016-10-21 22:00
0.2381,2016-10-21 21:00
0.2381,2016-10-21 20:00
0.2382,2016-10-21 19:00
0.2382,2016-10-21 18:00
0.2382,2016-10-21 17:00
0.2382,2016-10-21 16:00
0.2382,2016-10-21 15:00
0.2382,2016-10-21 14:00
0.2383,2016-10-21 13:00
0.2383,2016-10-21 12:00
0.2383,2016-10-21 11:00
0.2383,2016-10-21 10:00
0.2383,2016-10-21 09:00
0.2383,2016-10-21 08:00
0.2384,2016-10-21 07:00
0.2384,2016-10-21 06:00
0.2384,2016-10-21 05:00
0.2384,2016-10-21 04:00
0.2384,2016-10-21 03:00
0.2384,2016-10-21 02:00
0.2385,2016-10-21 01:00
0.2385,2016-10-21 00:00
0.2385,2016-10-20 23:00
0.2385,2016-10-20 22:00
0.2385,2016-10-20 21:00
0.2385,2016-10-20 20:00
0.2385,2016-10-20 19:00
0.2386,2016-10-20 18:00
0.2386,2016-10-20 17:00
0.2386,2016-10-20 16:00
0.2386,2016-10-20 15:00
0.2386,2016-10-20 14:00
0.2386,2016-10-20 13:00
0.2387,2016-10-20 12:00
0.2387,2016-10-20 11:00
0.2387,2016-10-20 10:00
0.2387,2016-10-20 09:00
0.2387,2016-10-20 08:00
0.2387,2016-10-20 07:00
0.2387,2016-10-20 06:00
0.2388,2016-10-20 05:00
0.2388,2016-10-20 04:00
0.2388,2016-10-20 03:00
0.2388,2016-10-20 02:00
0.2388,2016-10-20 01:00
0.2388,2016-10-20 00:00
0.2388,2016-10-19 23:00
0.2388,2016-10-19 22:00
0.2389,2016-10-19 21:00
0.2389,2016-10-19 20:00
0.2389,2016-10-19 19:00
0.2389,2016-10-19 18:00
0.2389,2016-10-19 17:00
0.2389,2016-10-19 16:00
0.2389,2016-10-19 15:00
0.2389,2016-10-19 14:00
0.2390,2016-10-19 13:00
0.2390,2016-10-19 12:00
0.2390,2016-10-19 11:00
0.2390,2016-10-19 10:00
0.2390,2016-10-19 09:00
0.2390,2016-10-19 08:00
0.2390,2016-10-19 07:00
0.2390,2016-10-19 06:00
0.2391,2016-10-19 05:00
0.2391,2016-10-19 04:00
0.2391,2016-10-19 03:00
0.2391,2016-10-19 02:00
0.2391,2016-10-19 01:00
0.2391,2016-10-19 00:00
0.2391,2016-10-18 23:00
0.2392,2016-10-18 22:00
0.2392,2016-10-18 21:00
0.2392,2016-10-18 20:00
0.2392,2016-10-18 19:00
0.2393,2016-10-18 18:00
0.2393,2016-10-18 17:00
0.2394,2016-10-18 16:00
0.2395,2016-10-18 15:00
0.2395,2016-10-18 14:00
0.2396,2016-10-18 13:00
0.2397,2016-10-18 12:00
0.2399,2016-10-18 11:00
0.2400,2016-10-18 10:00
0.2401,2016-10-18 09:00
0.2403,2016-10-18 08:00
0.2404,2016-10-18 07:00
0.2406,2016-10-18 06:00
0.2407,2016-10-18 05:00
0.2407,2016-10-18 04:00
0.2407,2016-10-18 03:00
0.2407,2016-10-18 02:00
0.2406,2016-10-18 01:00
0.2404,2016-10-18 00:00
0.2403,2016-10-17 23:00
0.2401,2016-10-17 22:00
0.2400,2016-10-17 21:00
0.2397,2016-10-17 20:00
0.2394,2016-10-17 19:00
0.2394,2016-10-17 18:00
0.2394,2016-10-17 17:00
0.2394,2016-10-17 16:00
0.2394,2016-10-17 15:00
0.2394,2016-10-17 14:00
0.2394,2016-10-17 13:00
0.2395,2016-10-17 12:00
0.2395,2016-10-17 11:00
0.2395,2016-10-17 10:00
0.2395,2016-10-17 09:00
0.2395,2016-10-17 08:00
0.2395,2016-10-17 07:00
0.2395,2016-10-17 06:00
0.2395,2016-10-17 05:00
0.2395,2016-10-17 04:00
0.2396,2016-10-17 03:00
0.2396,2016-10-17 02:00
0.2396,2016-10-17 01:00
0.2396,2016-10-17 00:00
0.2397,2016-10-16 23:00
0.2397,2016-10-16 22:00
0.2398,2016-10-16 21:00
0.2399,2016-10-16 20:00
0.2400,2016-10-16 19:00
0.2402,2016-10-16 18:00
0.2404,2016-10-16 17:00
0.2406,2016-10-16 16:00
0.2410,2016-10-16 15:00
0.2414,2016-10-16 14:00
0.2419,2016-10-16 13:00
0.2425,2016-10-16 12:00
0.2431,2016-10-16 11:00
0.2438,2016-10-16 10:00
0.2444,2016-10-16 09:00
0.2450,2016-10-16 08:00
0.2456,2016-10-16 07:00
0.2461,2016-10-16 06:00
0.2465,2016-10-16 05:00
0.2467,2016-10-16 04:00
0.2467,2016-10-16 03:00
0.2470,2016-10-16 02:00
0.2472,2016-10-16 01:00
0.2472,2016-10-16 00:00
0.2470,2016-10-15 23:00
0.2467,2016-10-15 22:00
0.2462,2016-10-15 21:00
0.2455,2016-10-15 20:00
0.2446,2016-10-15 19:00
0.2437,2016-10-15 18:00
0.2427,2016-10-15 17:00
0.2417,2016-10-15 16:00
0.2409,2016-10-15 15:00
0.2404,2016-10-15 14:00
0.2401,2016-10-15 13:00
0.2397,2016-10-15 12:00
0.2397,2016-10-15 11:00
0.2397,2016-10-15 10:00
0.2397,2016-10-15 09:00
0.2397,2016-10-15 08:00
0.2397,2016-10-15 07:00
0.2397,2016-10-15 06:00
0.2397,2016-10-15 05:00
0.2397,2016-10-15 04:00
0.2397,2016-10-15 03:00
0.2397,2016-10-15 02:00
0.2397,2016-10-15 01:00
0.2397,2016-10-15 00:00
0.2398,2016-10-14 23:00
0.2398,2016-10-14 22:00
0.2398,2016-10-14 21:00
0.2398,2016-10-14 20:00
0.2398,2016-10-14 19:00
0.2398,2016-10-14 18:00
0.2398,2016-10-14 17:00
0.2398,2016-10-14 16:00
0.2398,2016-10-14 15:00
0.2398,2016-10-14 14:00
0.2398,2016-10-14 13:00
0.2398,2016-10-14 12:00
0.2398,2016-10-14 11:00
0.2398,2016-10-14 10:00
0.2398,2016-10-14 09:00
0.2398,2016-10-14 08:00
0.2398,2016-10-14 07:00
0.2398,2016-10-14 06:00
0.2398,2016-10-14 05:00
0.2398,2016-10-14 04:00
0.2398,2016-10-14 03:00
0.2398,2016-10-14 02:00
0.2399,2016-10-14 01:00
0.2399,2016-10-14 00:00
0.2399,2016-10-13 23:00
0.2400,2016-10-13 22:00
0.2401,2016-10-13 21:00
0.2402,2016-10-13 20:00
0.2404,2016-10-13 19:00
0.2406,2016-10-13 18:00
0.2409,2016-10-13 17:00
0.2412,2016-10-13 16:00
0.2417,2016-10-13 15:00
0.2423,2016-10-13 14:00
0.2431,2016-10-13 13:00
0.2440,2016-10-13 12:00
0.2450,2016-10-13 11:00
0.2461,2016-10-13 10:00
0.2474,2016-10-13 09:00
0.2486,2016-10-13 08:00
0.2499,2016-10-13 07:00
0.2510,2016-10-13 06:00
0.2519,2016-10-13 05:00
0.2525,2016-10-13 04:00
0.2527,2016-10-13 03:00
0.2524,2016-10-13 02:00
0.2517,2016-10-13 01:00
0.2506,2016-10-13 00:00
0.2491,2016-10-12 23:00
0.2475,2016-10-12 22:00
0.2459,2016-10-12 21:00
0.2442,2016-10-12 20:00
0.2419,2016-10-12 19:00
0.2400,2016-10-12 18:00
0.2401,2016-10-12 17:00
0.2403,2016-10-12 16:00
0.2406,2016-10-12 15:00
0.2409,2016-10-12 14:00
0.2411,2016-10-12 13:00
0.2405,2016-10-12 12:00
0.2408,2016-10-12 11:00
0.2412,2016-10-12 10:00
0.2417,2016-10-12 09:00
0.2424,2016-10-12 08:00
0.2433,2016-10-12 07:00
0.2445,2016-10-12 06:00
0.2459,2016-10-12 05:00
0.2478,2016-10-12 04:00
0.2500,2016-10-12 03:00
0.2526,2016-10-12 02:00
0.2557,2016-10-12 01:00
0.2592,2016-10-12 00:00
0.2630,2016-10-11 23:00
0.2671,2016-10-11 22:00
0.2712,2016-10-11 21:00
0.2752,2016-10-11 20:00
0.2788,2016-10-11 19:00
0.2815,2016-10-11 18:00
0.2831,2016-10-11 17:00
0.2830,2016-10-11 16:00
0.2813,2016-10-11 15:00
0.2782,2016-10-11 14:00
0.2737,2016-10-11 13:00
0.2676,2016-10-11 12:00
0.2597,2016-10-11 11:00
0.2535,2016-10-11 10:00
0.2490,2016-10-11 09:00
0.2453,2016-10-11 08:00
0.2427,2016-10-11 07:00
0.2396,2016-10-11 06:00
0.2396,2016-10-11 05:00
0.2396,2016-10-11 04:00
0.2396,2016-10-11 03:00
0.2396,2016-10-11 02:00
0.2396,2016-10-11 01:00
0.2396,2016-10-11 00:00
0.2396,2016-10-10 23:00
0.2396,2016-10-10 22:00
0.2396,2016-10-10 21:00
0.2396,2016-10-10 20:00
0.2396,2016-10-10 19:00
0.2396,2016-10-10 18:00
0.2396,2016-10-10 17:00
0.2396,2016-10-10 16:00
0.2396,2016-10-10 15:00
0.2395,2016-10-10 14:00
0.2395,2016-10-10 13:00
0.2395,2016-10-10 12:00
0.2395,2016-10-10 11:00
0.2395,2016-10-10 10:00
0.2395,2016-10-10 09:00
0.2395,2016-10-10 08:00
0.2395,2016-10-10 07:00
0.2395,2016-10-10 06:00
0.2395,2016-10-10 05:00
0.2395,2016-10-10 04:00
0.2395,2016-10-10 03:00
0.2395,2016-10-10 02:00
0.2395,2016-10-10 01:00
0.2395,2016-10-10 00:00
0.2395,2016-10-09 23:00
0.2395,2016-10-09 22:00
0.2395,2016-10-09 21:00
0.2395,2016-10-09 20:00
0.2395,2016-10-09 19:00
0.2394,2016-10-09 18:00
0.2394,2016-10-09 17:00
0.2394,2016-10-09 16:00
0.2394,2016-10-09 15:00
0.2394,2016-10-09 14:00
0.2394,2016-10-09 13:00
0.2394,2016-10-09 12:00
0.2394,2016-10-09 11:00
0.2394,2016-10-09 10:00
0.2394,2016-10-09 09:00
0.2394,2016-10-09 08:00
0.2394,2016-10-09 07:00
0.2394,2016-10-09 06:00
0.2393,2016-10-09 05:00
0.2393,2016-10-09 04:00
0.2393,2016-10-09 03:00
0.2393,2016-10-09 02:00
0.2393,2016-10-09 01:00
0.2393,2016-10-09 00:00
0.2393,2016-10-08 23:00
0.2393,2016-10-08 22:00
0.2393,2016-10-08 21:00
0.2393,2016-10-08 20:00
0.2393,2016-10-08 19:00
0.2392,2016-10-08 18:00
0.2392,2016-10-08 17:00
0.2392,2016-10-08 16:00
0.2392,2016-10-08 15:00
0.2392,2016-10-08 14:00
0.2392,2016-10-08 13:00
0.2392,2016-10-08 12:00
0.2392,2016-10-08 11:00
0.2392,2016-10-08 10:00
0.2393,2016-10-08 09:00
0.2393,2016-10-08 08:00
0.2394,2016-10-08 07:00
0.2394,2016-10-08 06:00
0.2395,2016-10-08 05:00
0.2397,2016-10-08 04:00
0.2399,2016-10-08 03:00
0.2401,2016-10-08 02:00
0.2405,2016-10-08 01:00
0.2409,2016-10-08 00:00
0.2415,2016-10-07 23:00
0.2421,2016-10-07 22:00
0.2429,2016-10-07 21:00
0.2438,2016-10-07 20:00
0.2447,2016-10-07 19:00
0.2457,2016-10-07 18:00
0.2466,2016-10-07 17:00
0.2473,2016-10-07 16:00
0.2478,2016-10-07 15:00
0.2479,2016-10-07 14:00
0.2477,2016-10-07 13:00
0.2473,2016-10-07 12:00
0.2465,2016-10-07 11:00
0.2452,2016-10-07 10:00
0.2439,2016-10-07 09:00
0.2431,2016-10-07 08:00
0.2422,2016-10-07 07:00
0.2414,2016-10-07 06:00
0.2402,2016-10-07 05:00
0.2391,2016-10-07 04:00
0.2387,2016-10-07 03:00
0.2387,2016-10-07 02:00
0.2387,2016-10-07 01:00
0.2387,2016-10-07 00:00
0.2387,2016-10-06 23:00
0.2386,2016-10-06 22:00
0.2386,2016-10-06 21:00
0.2386,2016-10-06 20:00
0.2386,2016-10-06 19:00
0.2386,2016-10-06 18:00
0.2386,2016-10-06 17:00
0.2386,2016-10-06 16:00
0.2386,2016-10-06 15:00
0.2386,2016-10-06 14:00
0.2386,2016-10-06 13:00
0.2386,2016-10-06 12:00
0.2387,2016-10-06 11:00
0.2387,2016-10-06 10:00
0.2388,2016-10-06 09:00
0.2389,2016-10-06 08:00
0.2391,2016-10-06 07:00
0.2393,2016-10-06 06:00
0.2396,2016-10-06 05:00
0.2400,2016-10-06 04:00
0.2404,2016-10-06 03:00
0.2409,2016-10-06 02:00
0.2414,2016-10-06 01:00
0.2421,2016-10-06 00:00
0.2427,2016-10-05 23:00
0.2434,2016-10-05 22:00
0.2441,2016-10-05 21:00
0.2448,2016-10-05 20:00
0.2454,2016-10-05 19:00
0.2459,2016-10-05 18:00
0.2462,2016-10-05 17:00
0.2463,2016-10-05 16:00
0.2461,2016-10-05 15:00
0.2458,2016-10-05 14:00
0.2454,2016-10-05 13:00
0.2448,2016-10-05 12:00
0.2437,2016-10-05 11:00
0.2422,2016-10-05 10:00
0.2417,2016-10-05 09:00
0.2411,2016-10-05 08:00
0.2405,2016-10-05 07:00
0.2398,2016-10-05 06:00
0.2388,2016-10-05 05:00
0.2377,2016-10-05 04:00
0.2377,2016-10-05 03:00
0.2377,2016-10-05 02:00
0.2377,2016-10-05 01:00
0.2376,2016-10-05 00:00
0.2376,2016-10-04 23:00
0.2376,2016-10-04 22:00
0.2376,2016-10-04 21:00
0.2375,2016-10-04 20:00
0.2375,2016-10-04 19:00
0.2375,2016-10-04 18:00
0.2375,2016-10-04 17:00
0.2374,2016-10-04 16:00
0.2374,2016-10-04 15:00
0.2374,2016-10-04 14:00
0.2374,2016-10-04 13:00
0.2373,2016-10-04 12:00
0.2373,2016-10-04 11:00
0.2373,2016-10-04 10:00
0.2372,2016-10-04 09:00
0.2372,2016-10-04 08:00
0.2372,2016-10-04 07:00
0.2372,2016-10-04 06:00
0.2371,2016-10-04 05:00
0.2371,2016-10-04 04:00
0.2371,2016-10-04 03:00
0.2370,2016-10-04 02:00
0.2370,2016-10-04 01:00
0.2370,2016-10-04 00:00
0.2369,2016-10-03 23:00
0.2369,2016-10-03 22:00
0.2369,2016-10-03 21:00
0.2369,2016-10-03 20:00
0.2368,2016-10-03 19:00
0.2368,2016-10-03 18:00
0.2368,2016-10-03 17:00
0.2367,2016-10-03 16:00
0.2367,2016-10-03 15:00
0.2367,2016-10-03 14:00
0.2366,2016-10-03 13:00
0.2366,2016-10-03 12:00
0.2366,2016-10-03 11:00
0.2365,2016-10-03 10:00
0.2365,2016-10-03 09:00
0.2365,2016-10-03 08:00
0.2364,2016-10-03 07:00
0.2364,2016-10-03 06:00
0.2364,2016-10-03 05:00
0.2363,2016-10-03 04:00
0.2363,2016-10-03 03:00
0.2362,2016-10-03 02:00
0.2362,2016-10-03 01:00
0.2362,2016-10-03 00:00
0.2361,2016-10-02 23:00
0.2361,2016-10-02 22:00
0.2361,2016-10-02 21:00
0.2360,2016-10-02 20:00
0.2360,2016-10-02 19:00
0.2360,2016-10-02 18:00
0.2359,2016-10-02 17:00
0.2359,2016-10-02 16:00
0.2358,2016-10-02 15:00
0.2358,2016-10-02 14:00
0.2358,2016-10-02 13:00
0.2357,2016-10-02 12:00
0.2357,2016-10-02 11:00
0.2356,2016-10-02 10:00
0.2356,2016-10-02 09:00
0.2356,2016-10-02 08:00
0.2355,2016-10-02 07:00
0.2355,2016-10-02 06:00
0.2354,2016-10-02 05:00
0.2354,2016-10-02 04:00
0.2354,2016-10-02 03:00
0.2353,2016-10-02 02:00
0.2353,2016-10-02 01:00
0.2352,2016-10-02 00:00
0.2352,2016-10-01 23:00
0.2351,2016-10-01 22:00
0.2351,2016-10-01 21:00
0.2351,2016-10-01 20:00
0.2350,2016-10-01 19:00
0.2350,2016-10-01 18:00
0.2349,2016-10-01 17:00
0.2349,2016-10-01 16:00
0.2348,2016-10-01 15:00
0.2348,2016-10-01 14:00
0.2348,2016-10-01 13:00
0.2347,2016-10-01 12:00
0.2347,2016-10-01 11:00
0.2346,2016-10-01 10:00
0.2346,2016-10-01 09:00
0.2346,2016-10-01 08:00
0.2345,2016-10-01 07:00
0.2345,2016-10-01 06:00
0.2345,2016-10-01 05:00
0.2344,2016-10-01 04:00
0.2344,2016-10-01 03:00
0.2344,2016-10-01 02:00
0.2343,2016-10-01 01:00
0.2343,2016-10-01 00:00
0.2343,2016-09-30 23:00
0.2343,2016-09-30 22:00
0.2342,2016-09-30 21:00
0.2342,2016-09-30 20:00
0.2342,2016-09-30 19:00
0.2341,2016-09-30 18:00
0.2341,2016-09-30 17:00
0.2341,2016-09-30 16:00
0.2340,2016-09-30 15:00
0.2340,2016-09-30 14:00
0.2340,2016-09-30 13:00
0.2339,2016-09-30 12:00
0.2339,2016-09-30 11:00
0.2339,2016-09-30 10:00
0.2338,2016-09-30 09:00
0.2338,2016-09-30 08:00
0.2337,2016-09-30 07:00
0.2337,2016-09-30 06:00
0.2337,2016-09-30 05:00
0.2336,2016-09-30 04:00
0.2336,2016-09-30 03:00
0.2336,2016-09-30 02:00
0.2335,2016-09-30 01:00
0.2335,2016-09-30 00:00
0.2334,2016-09-29 23:00
0.2334,2016-09-29 22:00
0.2334,2016-09-29 21:00
0.2333,2016-09-29 20:00
0.2333,2016-09-29 19:00
0.2332,2016-09-29 18:00
0.2332,2016-09-29 17:00
0.2332,2016-09-29 16:00
0.2331,2016-09-29 15:00
0.2331,2016-09-29 14:00
0.2330,2016-09-29 13:00
0.2330,2016-09-29 12:00
0.2329,2016-09-29 11:00
0.2329,2016-09-29 10:00
0.2329,2016-09-29 09:00
0.2328,2016-09-29 08:00
0.2328,2016-09-29 07:00
0.2327,2016-09-29 06:00
0.2327,2016-09-29 05:00
0.2326,2016-09-29 04:00
0.2326,2016-09-29 03:00
0.2325,2016-09-29 02:00
0.2325,2016-09-29 01:00
0.2324,2016-09-29 00:00
0.2324,2016-09-28 23:00
0.2323,2016-09-28 22:00
0.2323,2016-09-28 21:00
0.2322,2016-09-28 20:00
0.2322,2016-09-28 19:00
0.2321,2016-09-28 18:00
0.2321,2016-09-28 17:00
0.2320,2016-09-28 16:00
0.2320,2016-09-28 15:00
0.2319,2016-09-28 14:00
0.2319,2016-09-28 13:00
0.2318,2016-09-28 12:00
0.2318,2016-09-28 11:00
0.2317,2016-09-28 10:00
0.2317,2016-09-28 09:00
0.2316,2016-09-28 08:00
0.2316,2016-09-28 07:00
0.2315,2016-09-28 06:00
0.2315,2016-09-28 05:00
0.2314,2016-09-28 04:00
0.2314,2016-09-28 03:00
0.2313,2016-09-28 02:00
0.2312,2016-09-28 01:00
0.2312,2016-09-28 00:00
0.2311,2016-09-27 23:00
0.2311,2016-09-27 22:00
0.2310,2016-09-27 21:00
0.2310,2016-09-27 20:00
0.2309,2016-09-27 19:00
0.2308,2016-09-27 18:00
0.2308,2016-09-27 17:00
0.2307,2016-09-27 16:00
0.2307,2016-09-27 15:00
0.2306,2016-09-27 14:00
0.2306,2016-09-27 13:00
0.2305,2016-09-27 12:00
0.2305,2016-09-27 11:00
0.2305,2016-09-27 10:00
0.2305,2016-09-27 09:00
0.2304,2016-09-27 08:00
0.2305,2016-09-27 07:00
0.2305,2016-09-27 06:00
0.2306,2016-09-27 05:00
0.2307,2016-09-27 04:00
0.2309,2016-09-27 03:00
0.2311,2016-09-27 02:00
0.2315,2016-09-27 01:00
0.2320,2016-09-27 00:00
0.2326,2016-09-26 23:00
0.2334,2016-09-26 22:00
0.2346,2016-09-26 21:00
0.2360,2016-09-26 20:00
0.2379,2016-09-26 19:00
0.2403,2016-09-26 18:00
0.2434,2016-09-26 17:00
0.2474,2016-09-26 16:00
0.2523,2016-09-26 15:00
0.2585,2016-09-26 14:00
0.2661,2016-09-26 13:00
0.2756,2016-09-26 12:00
0.2872,2016-09-26 11:00
0.3013,2016-09-26 10:00
0.3185,2016-09-26 09:00
0.3391,2016-09-26 08:00
0.3638,2016-09-26 07:00
0.3930,2016-09-26 06:00
0.4272,2016-09-26 05:00
0.4669,2016-09-26 04:00
0.5122,2016-09-26 03:00
0.5625,2016-09-26 02:00
0.6168,2016-09-26 01:00
0.6726,2016-09-26 00:00
0.7260,2016-09-25 23:00
0.7713,2016-09-25 22:00
0.8017,2016-09-25 21:00
0.8105,2016-09-25 20:00
0.7934,2016-09-25 19:00
0.7507,2016-09-25 18:00
0.6871,2016-09-25 17:00
0.6100,2016-09-25 16:00
0.5276,2016-09-25 15:00
0.4472,2016-09-25 14:00
0.3730,2016-09-25 13:00
0.3049,2016-09-25 12:00
0.2492,2016-09-25 11:00
0.2275,2016-09-25 10:00
0.2276,2016-09-25 09:00
0.2277,2016-09-25 08:00
0.2279,2016-09-25 07:00
0.2281,2016-09-25 06:00
0.2284,2016-09-25 05:00
0.2288,2016-09-25 04:00
0.2292,2016-09-25 03:00
0.2298,2016-09-25 02:00
0.2305,2016-09-25 01:00
0.2313,2016-09-25 00:00
0.2324,2016-09-24 23:00
0.2336,2016-09-24 22:00
0.2352,2016-09-24 21:00
0.2371,2016-09-24 20:00
0.2393,2016-09-24 19:00
0.2420,2016-09-24 18:00
0.2452,2016-09-24 17:00
0.2491,2016-09-24 16:00
0.2537,2016-09-24 15:00
0.2591,2016-09-24 14:00
0.2655,2016-09-24 13:00
0.2731,2016-09-24 12:00
0.2820,2016-09-24 11:00
0.2925,2016-09-24 10:00
0.3048,2016-09-24 09:00
0.3192,2016-09-24 08:00
0.3361,2016-09-24 07:00
0.3557,2016-09-24 06:00
0.3786,2016-09-24 05:00
0.4053,2016-09-24 04:00
0.4363,2016-09-24 03:00
0.4724,2016-09-24 02:00
0.5143,2016-09-24 01:00
0.5629,2016-09-24 00:00
0.6192,2016-09-23 23:00
0.6842,2016-09-23 22:00
0.7591,2016-09-23 21:00
0.8452,2016-09-23 20:00
0.9434,2016-09-23 19:00
1.0547,2016-09-23 18:00
1.1796,2016-09-23 17:00
1.3180,2016-09-23 16:00
1.4689,2016-09-23 15:00
1.6311,2016-09-23 14:00
1.8031,2016-09-23 13:00
1.9854,2016-09-23 12:00
2.1806,2016-09-23 11:00
2.3932,2016-09-23 10:00
2.6224,2016-09-23 09:00
2.8623,2016-09-23 08:00
3.1986,2016-09-23 07:00
3.6944,2016-09-23 06:00
4.2769,2016-09-23 05:00
4.9614,2016-09-23 04:00
5.7659,2016-09-23 03:00
6.7097,2016-09-23 02:00
7.8123,2016-09-23 01:00
9.0891,2016-09-23 00:00
10.5437,2016-09-22 23:00
12.1544,2016-09-22 22:00
13.8539,2016-09-22 21:00
15.5071,2016-09-22 20:00
16.8966,2016-09-22 19:00
17.7329,2016-09-22 18:00
17.7070,2016-09-22 17:00
16.6010,2016-09-22 16:00
14.4693,2016-09-22 15:00
11.7385,2016-09-22 14:00
8.9726,2016-09-22 13:00
6.6141,2016-09-22 12:00
4.7030,2016-09-22 11:00
3.2882,2016-09-22 10:00
2.4183,2016-09-22 09:00
1.8124,2016-09-22 08:00
1.3032,2016-09-22 07:00
0.8752,2016-09-22 06:00
0.5418,2016-09-22 05:00
0.3238,2016-09-22 04:00
0.2467,2016-09-22 03:00
0.2508,2016-09-22 02:00
0.2547,2016-09-22 01:00
0.2580,2016-09-22 00:00
0.2605,2016-09-21 23:00
0.2618,2016-09-21 22:00
0.2617,2016-09-21 21:00
0.2601,2016-09-21 20:00
0.2571,2016-09-21 19:00
0.2530,2016-09-21 18:00
0.2485,2016-09-21 17:00
0.2438,2016-09-21 16:00
0.2394,2016-09-21 15:00
0.2352,2016-09-21 14:00
0.2304,2016-09-21 13:00
0.2246,2016-09-21 12:00
0.2215,2016-09-21 11:00
0.2223,2016-09-21 10:00
0.2234,2016-09-21 09:00
0.2248,2016-09-21 08:00
0.2266,2016-09-21 07:00
0.2289,2016-09-21 06:00
0.2320,2016-09-21 05:00
0.2359,2016-09-21 04:00
0.2409,2016-09-21 03:00
0.2473,2016-09-21 02:00
0.2553,2016-09-21 01:00
0.2655,2016-09-21 00:00
0.2783,2016-09-20 23:00
0.2942,2016-09-20 22:00
0.3140,2016-09-20 21:00
0.3385,2016-09-20 20:00
0.3687,2016-09-20 19:00
0.4059,2016-09-20 18:00
0.4515,2016-09-20 17:00
0.5073,2016-09-20 16:00
0.5752,2016-09-20 15:00
0.6575,2016-09-20 14:00
0.7562,2016-09-20 13:00
0.8731,2016-09-20 12:00
1.0088,2016-09-20 11:00
1.1614,2016-09-20 10:00
1.3250,2016-09-20 09:00
1.4869,2016-09-20 08:00
1.6256,2016-09-20 07:00
1.7116,2016-09-20 06:00
1.7126,2016-09-20 05:00
1.6067,2016-09-20 04:00
1.3994,2016-09-20 03:00
1.1293,2016-09-20 02:00
0.8498,2016-09-20 01:00
0.5959,2016-09-20 00:00
0.4037,2016-09-19 23:00
0.3039,2016-09-19 22:00
0.2401,2016-09-19 21:00
0.2164,2016-09-19 20:00
0.2163,2016-09-19 19:00
0.2163,2016-09-19 18:00
0.2162,2016-09-19 17:00
0.2162,2016-09-19 16:00
0.2161,2016-09-19 15:00
0.2161,2016-09-19 14:00
0.2160,2016-09-19 13:00
0.2159,2016-09-19 12:00
0.2159,2016-09-19 11:00
0.2158,2016-09-19 10:00
0.2158,2016-09-19 09:00
0.2157,2016-09-19 08:00
0.2156,2016-09-19 07:00
0.2156,2016-09-19 06:00
0.2155,2016-09-19 05:00
0.2155,2016-09-19 04:00
0.2154,2016-09-19 03:00
0.2153,2016-09-19 02:00
0.2153,2016-09-19 01:00
0.2152,2016-09-19 00:00
0.2152,2016-09-18 23:00
0.2151,2016-09-18 22:00
0.2151,2016-09-18 21:00
0.2150,2016-09-18 20:00
0.2150,2016-09-18 19:00
0.2150,2016-09-18 18:00
0.2149,2016-09-18 17:00
0.2149,2016-09-18 16:00
0.2149,2016-09-18 15:00
0.2149,2016-09-18 14:00
0.2150,2016-09-18 13:00
0.2150,2016-09-18 12:00
0.2151,2016-09-18 11:00
0.2153,2016-09-18 10:00
0.2154,2016-09-18 09:00
0.2157,2016-09-18 08:00
0.2160,2016-09-18 07:00
0.2164,2016-09-18 06:00
0.2169,2016-09-18 05:00
0.2176,2016-09-18 04:00
0.2184,2016-09-18 03:00
0.2194,2016-09-18 02:00
0.2207,2016-09-18 01:00
0.2223,2016-09-18 00:00
0.2243,2016-09-17 23:00
0.2267,2016-09-17 22:00
0.2297,2016-09-17 21:00
0.2334,2016-09-17 20:00
0.2379,2016-09-17 19:00
0.2434,2016-09-17 18:00
0.2500,2016-09-17 17:00
0.2581,2016-09-17 16:00
0.2678,2016-09-17 15:00
0.2795,2016-09-17 14:00
0.2936,2016-09-17 13:00
0.3106,2016-09-17 12:00
0.3310,2016-09-17 11:00
0.3554,2016-09-17 10:00
0.3847,2016-09-17 09:00
0.4197,2016-09-17 08:00
0.4616,2016-09-17 07:00
0.5119,2016-09-17 06:00
0.5721,2016-09-17 05:00
0.6444,2016-09-17 04:00
0.7313,2016-09-17 03:00
0.8357,2016-09-17 02:00
0.9611,2016-09-17 01:00
1.1119,2016-09-17 00:00
1.2927,2016-09-16 23:00
1.5088,2016-09-16 22:00
1.7656,2016-09-16 21:00
2.0677,2016-09-16 20:00
2.4180,2016-09-16 19:00
2.8151,2016-09-16 18:00
3.2511,2016-09-16 17:00
3.7074,2016-09-16 16:00
4.1508,2016-09-16 15:00
4.5304,2016-09-16 14:00
4.7798,2016-09-16 13:00
4.8278,2016-09-16 12:00
4.6179,2016-09-16 11:00
4.1348,2016-09-16 10:00
3.4319,2016-09-16 09:00
2.6441,2016-09-16 08:00
1.8749,2016-09-16 07:00
1.2059,2016-09-16 06:00
0.7117,2016-09-16 05:00
0.3644,2016-09-16 04:00
0.2104,2016-09-16 03:00
0.2104,2016-09-16 02:00
0.2103,2016-09-16 01:00
0.2103,2016-09-16 00:00
0.2102,2016-09-15 23:00
0.2102,2016-09-15 22:00
0.2102,2016-09-15 21:00
0.2101,2016-09-15 20:00
0.2101,2016-09-15 19:00
0.2101,2016-09-15 18:00
0.2100,2016-09-15 17:00
0.2100,2016-09-15 16:00
0.2099,2016-09-15 15:00
0.2099,2016-09-15 14:00
0.2099,2016-09-15 13:00
0.2098,2016-09-15 12:00
0.2098,2016-09-15 11:00
0.2098,2016-09-15 10:00
0.2097,2016-09-15 09:00
0.2097,2016-09-15 08:00
0.2097,2016-09-15 07:00
0.2097,2016-09-15 06:00
0.2097,2016-09-15 05:00
0.2097,2016-09-15 04:00
0.2097,2016-09-15 03:00
0.2098,2016-09-15 02:00
0.2099,2016-09-15 01:00
0.2100,2016-09-15 00:00
0.2103,2016-09-14 23:00
0.2106,2016-09-14 22:00
0.2111,2016-09-14 21:00
0.2117,2016-09-14 20:00
0.2127,2016-09-14 19:00
0.2139,2016-09-14 18:00
0.2156,2016-09-14 17:00
0.2179,2016-09-14 16:00
0.2209,2016-09-14 15:00
0.2249,2016-09-14 14:00
0.2301,2016-09-14 13:00
0.2367,2016-09-14 12:00
0.2451,2016-09-14 11:00
0.2556,2016-09-14 10:00
0.2687,2016-09-14 09:00
0.2845,2016-09-14 08:00
0.3036,2016-09-14 07:00
0.3262,2016-09-14 06:00
0.3522,2016-09-14 05:00
0.3817,2016-09-14 04:00
0.4139,2016-09-14 03:00
0.4478,2016-09-14 02:00
0.4815,2016-09-14 01:00
0.5129,2016-09-14 00:00
0.5392,2016-09-13 23:00
0.5579,2016-09-13 22:00
0.5675,2016-09-13 21:00
0.5675,2016-09-13 20:00
0.5583,2016-09-13 19:00
0.5411,2016-09-13 18:00
0.5171,2016-09-13 17:00
0.4854,2016-09-13 16:00
0.4420,2016-09-13 15:00
0.3965,2016-09-13 14:00
0.3623,2016-09-13 13:00
0.3307,2016-09-13 12:00
0.3010,2016-09-13 11:00
0.2749,2016-09-13 10:00
0.2511,2016-09-13 09:00
0.2249,2016-09-13 08:00
0.2074,2016-09-13 07:00
0.2073,2016-09-13 06:00
0.2073,2016-09-13 05:00
0.2072,2016-09-13 04:00
0.2072,2016-09-13 03:00
0.2071,2016-09-13 02:00
0.2071,2016-09-13 01:00
0.2070,2016-09-13 00:00
0.2070,2016-09-12 23:00
0.2069,2016-09-12 22:00
0.2069,2016-09-12 21:00
0.2068,2016-09-12 20:00
0.2068,2016-09-12 19:00
0.2067,2016-09-12 18:00
0.2067,2016-09-12 17:00
0.2066,2016-09-12 16:00
0.2066,2016-09-12 15:00
0.2065,2016-09-12 14:00
0.2065,2016-09-12 13:00
0.2064,2016-09-12 12:00
0.2063,2016-09-12 11:00
0.2063,2016-09-12 10:00
0.2062,2016-09-12 09:00
0.2062,2016-09-12 08:00
0.2061,2016-09-12 07:00
0.2061,2016-09-12 06:00
0.2060,2016-09-12 05:00
0.2060,2016-09-12 04:00
0.2059,2016-09-12 03:00
0.2059,2016-09-12 02:00
0.2058,2016-09-12 01:00
0.2058,2016-09-12 00:00
0.2058,2016-09-11 23:00
0.2058,2016-09-11 22:00
0.2057,2016-09-11 21:00
0.2058,2016-09-11 20:00
0.2058,2016-09-11 19:00
0.2058,2016-09-11 18:00
0.2059,2016-09-11 17:00
0.2061,2016-09-11 16:00
0.2063,2016-09-11 15:00
0.2067,2016-09-11 14:00
0.2071,2016-09-11 13:00
0.2077,2016-09-11 12:00
0.2086,2016-09-11 11:00
0.2097,2016-09-11 10:00
0.2112,2016-09-11 09:00
0.2131,2016-09-11 08:00
0.2157,2016-09-11 07:00
0.2190,2016-09-11 06:00
0.2233,2016-09-11 05:00
0.2289,2016-09-11 04:00
0.2359,2016-09-11 03:00
0.2448,2016-09-11 02:00
0.2561,2016-09-11 01:00
0.2702,2016-09-11 00:00
0.2878,2016-09-10 23:00
0.3096,2016-09-10 22:00
0.3367,2016-09-10 21:00
0.3702,2016-09-10 20:00
0.4114,2016-09-10 19:00
0.4620,2016-09-10 18:00
0.5239,2016-09-10 17:00
0.5993,2016-09-10 16:00
0.6907,2016-09-10 15:00
0.8005,2016-09-10 14:00
0.9308,2016-09-10 13:00
1.0825,2016-09-10 12:00
1.2548,2016-09-10 11:00
1.4432,2016-09-10 10:00
1.6390,2016-09-10 09:00
1.8277,2016-09-10 08:00
1.9905,2016-09-10 07:00
2.1070,2016-09-10 06:00
2.1605,2016-09-10 05:00
2.1419,2016-09-10 04:00
2.0515,2016-09-10 03:00
1.9013,2016-09-10 02:00
1.6998,2016-09-10 01:00
1.4853,2016-09-10 00:00
1.2705,2016-09-09 23:00
1.0413,2016-09-09 22:00
0.8120,2016-09-09 21:00
0.5827,2016-09-09 20:00
0.4030,2016-09-09 19:00
0.3092,2016-09-09 18:00
0.2483,2016-09-09 17:00
0.2105,2016-09-09 16:00
0.2026,2016-09-09 15:00
0.2026,2016-09-09 14:00
0.2025,2016-09-09 13:00
0.2025,2016-09-09 12:00
0.2025,2016-09-09 11:00
0.2025,2016-09-09 10:00
0.2025,2016-09-09 09:00
0.2025,2016-09-09 08:00
0.2025,2016-09-09 07:00
0.2026,2016-09-09 06:00
0.2026,2016-09-09 05:00
0.2027,2016-09-09 04:00
0.2028,2016-09-09 03:00
0.2030,2016-09-09 02:00
0.2032,2016-09-09 01:00
0.2035,2016-09-09 00:00
0.2040,2016-09-08 23:00
0.2046,2016-09-08 22:00
0.2054,2016-09-08 21:00
0.2065,2016-09-08 20:00
0.2080,2016-09-08 19:00
0.2100,2016-09-08 18:00
0.2126,2016-09-08 17:00
0.2159,2016-09-08 16:00
0.2202,2016-09-08 15:00
0.2257,2016-09-08 14:00
0.2325,2016-09-08 13:00
0.2410,2016-09-08 12:00
0.2515,2016-09-08 11:00
0.2643,2016-09-08 10:00
0.2798,2016-09-08 09:00
0.2982,2016-09-08 08:00
0.3198,2016-09-08 07:00
0.3450,2016-09-08 06:00
0.3738,2016-09-08 05:00
0.4062,2016-09-08 04:00
0.4418,2016-09-08 03:00
0.4803,2016-09-08 02:00
0.5210,2016-09-08 01:00
0.5631,2016-09-08 00:00
0.6055,2016-09-07 23:00
0.6456,2016-09-07 22:00
0.6830,2016-09-07 21:00
0.7189,2016-09-07 20:00
0.7420,2016-09-07 19:00
0.7469,2016-09-07 18:00
0.7283,2016-09-07 17:00
0.6801,2016-09-07 16:00
0.6085,2016-09-07 15:00
0.5200,2016-09-07 14:00
0.4280,2016-09-07 13:00
0.3409,2016-09-07 12:00
0.2662,2016-09-07 11:00
0.2259,2016-09-07 10:00
0.2084,2016-09-07 09:00
0.2037,2016-09-07 08:00
0.2040,2016-09-07 07:00
0.2041,2016-09-07 06:00
0.2041,2016-09-07 05:00
0.2040,2016-09-07 04:00
0.2037,2016-09-07 03:00
0.2034,2016-09-07 02:00
0.2029,2016-09-07 01:00
0.2025,2016-09-07 00:00
0.2022,2016-09-06 23:00
0.2020,2016-09-06 22:00
0.2018,2016-09-06 21:00
0.2018,2016-09-06 20:00
0.2018,2016-09-06 19:00
0.2018,2016-09-06 18:00
0.2018,2016-09-06 17:00
0.2019,2016-09-06 16:00
0.2019,2016-09-06 15:00
0.2019,2016-09-06 14:00
0.2019,2016-09-06 13:00
0.2019,2016-09-06 12:00
0.2019,2016-09-06 11:00
0.2019,2016-09-06 10:00
0.2019,2016-09-06 09:00
0.2020,2016-09-06 08:00
0.2020,2016-09-06 07:00
0.2020,2016-09-06 06:00
0.2020,2016-09-06 05:00
0.2020,2016-09-06 04:00
0.2020,2016-09-06 03:00
0.2020,2016-09-06 02:00
0.2020,2016-09-06 01:00
0.2020,2016-09-06 00:00
0.2021,2016-09-05 23:00
0.2021,2016-09-05 22:00
0.2021,2016-09-05 21:00
0.2021,2016-09-05 20:00
0.2021,2016-09-05 19:00
0.2021,2016-09-05 18:00
0.2021,2016-09-05 17:00
0.2021,2016-09-05 16:00
0.2021,2016-09-05 15:00
0.2021,2016-09-05 14:00
0.2021,2016-09-05 13:00
0.2022,2016-09-05 12:00
0.2022,2016-09-05 11:00
0.2022,2016-09-05 10:00
0.2022,2016-09-05 09:00
0.2022,2016-09-05 08:00
0.2022,2016-09-05 07:00
0.2022,2016-09-05 06:00
0.2022,2016-09-05 05:00
0.2022,2016-09-05 04:00
0.2022,2016-09-05 03:00
0.2022,2016-09-05 02:00
0.2022,2016-09-05 01:00
0.2022,2016-09-05 00:00
0.2022,2016-09-04 23:00
0.2023,2016-09-04 22:00
0.2023,2016-09-04 21:00
0.2023,2016-09-04 20:00
0.2023,2016-09-04 19:00
0.2023,2016-09-04 18:00
0.2023,2016-09-04 17:00
0.2023,2016-09-04 16:00
0.2023,2016-09-04 15:00
0.2023,2016-09-04 14:00
0.2023,2016-09-04 13:00
0.2023,2016-09-04 12:00
0.2023,2016-09-04 11:00
0.2023,2016-09-04 10:00
0.2023,2016-09-04 09:00
0.2023,2016-09-04 08:00
0.2023,2016-09-04 07:00
0.2023,2016-09-04 06:00
0.2023,2016-09-04 05:00
0.2023,2016-09-04 04:00
0.2023,2016-09-04 03:00
0.2023,2016-09-04 02:00
0.2023,2016-09-04 01:00
0.2023,2016-09-04 00:00
0.2023,2016-09-03 23:00
0.2023,2016-09-03 22:00
0.2023,2016-09-03 21:00
0.2023,2016-09-03 20:00
0.2023,2016-09-03 19:00
0.2023,2016-09-03 18:00
0.2023,2016-09-03 17:00
0.2023,2016-09-03 16:00
0.2023,2016-09-03 15:00
0.2023,2016-09-03 14:00
0.2023,2016-09-03 13:00
0.2023,2016-09-03 12:00
0.2023,2016-09-03 11:00
0.2023,2016-09-03 10:00
0.2023,2016-09-03 09:00
0.2023,2016-09-03 08:00
0.2023,2016-09-03 07:00
0.2023,2016-09-03 06:00
0.2023,2016-09-03 05:00
0.2023,2016-09-03 04:00
0.2023,2016-09-03 03:00
0.2023,2016-09-03 02:00
0.2023,2016-09-03 01:00
0.2023,2016-09-03 00:00
0.2022,2016-09-02 23:00
0.2022,2016-09-02 22:00
0.2022,2016-09-02 21:00
0.2022,2016-09-02 20:00
0.2022,2016-09-02 19:00
0.2022,2016-09-02 18:00
0.2022,2016-09-02 17:00
0.2022,2016-09-02 16:00
0.2022,2016-09-02 15:00
0.2022,2016-09-02 14:00
0.2022,2016-09-02 13:00
0.2022,2016-09-02 12:00
0.2022,2016-09-02 11:00
0.2022,2016-09-02 10:00
0.2021,2016-09-02 09:00
0.2021,2016-09-02 08:00
0.2021,2016-09-02 07:00
0.2021,2016-09-02 06:00
0.2021,2016-09-02 05:00
0.2021,2016-09-02 04:00
0.2021,2016-09-02 03:00
0.2021,2016-09-02 02:00
0.2021,2016-09-02 01:00
0.2021,2016-09-02 00:00
0.2020,2016-09-01 23:00
0.2020,2016-09-01 22:00
0.2020,2016-09-01 21:00
0.2020,2016-09-01 20:00
0.2020,2016-09-01 19:00
0.2020,2016-09-01 18:00
0.2020,2016-09-01 17:00
0.2020,2016-09-01 16:00
0.2020,2016-09-01 15:00
0.2020,2016-09-01 14:00
0.2019,2016-09-01 13:00
0.2019,2016-09-01 12:00
0.2019,2016-09-01 11:00
0.2019,2016-09-01 10:00
0.2019,2016-09-01 09:00
0.2019,2016-09-01 08:00
0.2020,2016-09-01 07:00
0.2020,2016-09-01 06:00
0.2020,2016-09-01 05:00
0.2020,2016-09-01 04:00
0.2020,2016-09-01 03:00
0.2020,2016-09-01 02:00
0.2020,2016-09-01 01:00
0.2020,2016-09-01 00:00
0.2021,2016-08-31 23:00
0.2021,2016-08-31 22:00
0.2021,2016-08-31 21:00
0.2021,2016-08-31 20:00
0.2021,2016-08-31 19:00
0.2022,2016-08-31 18:00
0.2022,2016-08-31 17:00
0.2022,2016-08-31 16:00
0.2022,2016-08-31 15:00
0.2023,2016-08-31 14:00
0.2023,2016-08-31 13:00
0.2024,2016-08-31 12:00
0.2025,2016-08-31 11:00
0.2026,2016-08-31 10:00
0.2027,2016-08-31 09:00
0.2029,2016-08-31 08:00
0.2031,2016-08-31 07:00
0.2034,2016-08-31 06:00
0.2038,2016-08-31 05:00
0.2044,2016-08-31 04:00
0.2052,2016-08-31 03:00
0.2063,2016-08-31 02:00
0.2077,2016-08-31 01:00
0.2095,2016-08-31 00:00
0.2119,2016-08-30 23:00
0.2150,2016-08-30 22:00
0.2189,2016-08-30 21:00
0.2238,2016-08-30 20:00
0.2299,2016-08-30 19:00
0.2372,2016-08-30 18:00
0.2460,2016-08-30 17:00
0.2561,2016-08-30 16:00
0.2675,2016-08-30 15:00
0.2799,2016-08-30 14:00
0.2929,2016-08-30 13:00
0.3057,2016-08-30 12:00
0.3174,2016-08-30 11:00
0.3268,2016-08-30 10:00
0.3326,2016-08-30 09:00
0.3339,2016-08-30 08:00
0.3298,2016-08-30 07:00
0.3202,2016-08-30 06:00
0.3058,2016-08-30 05:00
0.2882,2016-08-30 04:00
0.2695,2016-08-30 03:00
0.2503,2016-08-30 02:00
0.2295,2016-08-30 01:00
0.2107,2016-08-30 00:00
0.2025,2016-08-29 23:00
0.2025,2016-08-29 22:00
0.2025,2016-08-29 21:00
0.2025,2016-08-29 20:00
0.2025,2016-08-29 19:00
0.2025,2016-08-29 18:00
0.2025,2016-08-29 17:00
0.2025,2016-08-29 16:00
0.2025,2016-08-29 15:00
0.2025,2016-08-29 14:00
0.2025,2016-08-29 13:00
0.2025,2016-08-29 12:00
0.2025,2016-08-29 11:00
0.2025,2016-08-29 10:00
0.2025,2016-08-29 09:00
0.2025,2016-08-29 08:00
0.2025,2016-08-29 07:00
0.2026,2016-08-29 06:00
0.2026,2016-08-29 05:00
0.2026,2016-08-29 04:00
0.2026,2016-08-29 03:00
0.2026,2016-08-29 02:00
0.2026,2016-08-29 01:00
0.2027,2016-08-29 00:00
0.2027,2016-08-28 23:00
0.2028,2016-08-28 22:00
0.2029,2016-08-28 21:00
0.2030,2016-08-28 20:00
0.2032,2016-08-28 19:00
0.2035,2016-08-28 18:00
0.2038,2016-08-28 17:00
0.2043,2016-08-28 16:00
0.2049,2016-08-28 15:00
0.2057,2016-08-28 14:00
0.2067,2016-08-28 13:00
0.2080,2016-08-28 12:00
0.2097,2016-08-28 11:00
0.2117,2016-08-28 10:00
0.2143,2016-08-28 09:00
0.2174,2016-08-28 08:00
0.2213,2016-08-28 07:00
0.2258,2016-08-28 06:00
0.2313,2016-08-28 05:00
0.2379,2016-08-28 04:00
0.2459,2016-08-28 03:00
0.2556,2016-08-28 02:00
0.2675,2016-08-28 01:00
0.2820,2016-08-28 00:00
0.2997,2016-08-27 23:00
0.3212,2016-08-27 22:00
0.3467,2016-08-27 21:00
0.3762,2016-08-27 20:00
0.4094,2016-08-27 19:00
0.4453,2016-08-27 18:00
0.4820,2016-08-27 17:00
0.5167,2016-08-27 16:00
0.5473,2016-08-27 15:00
0.5709,2016-08-27 14:00
0.5821,2016-08-27 13:00
0.5785,2016-08-27 12:00
0.5592,2016-08-27 11:00
0.5264,2016-08-27 10:00
0.4846,2016-08-27 09:00
0.4347,2016-08-27 08:00
0.3761,2016-08-27 07:00
0.3237,2016-08-27 06:00
0.2969,2016-08-27 05:00
0.2797,2016-08-27 04:00
0.2629,2016-08-27 03:00
0.2478,2016-08-27 02:00
0.2323,2016-08-27 01:00
0.2237,2016-08-27 00:00
0.2170,2016-08-26 23:00
0.2079,2016-08-26 22:00
0.2020,2016-08-26 21:00
0.2020,2016-08-26 20:00
0.2020,2016-08-26 19:00
0.2019,2016-08-26 18:00
0.2019,2016-08-26 17:00
0.2019,2016-08-26 16:00
0.2019,2016-08-26 15:00
0.2019,2016-08-26 14:00
0.2019,2016-08-26 13:00
0.2019,2016-08-26 12:00
0.2019,2016-08-26 11:00
0.2019,2016-08-26 10:00
0.2018,2016-08-26 09:00
0.2018,2016-08-26 08:00
0.2018,2016-08-26 07:00
0.2019,2016-08-26 06:00
0.2019,2016-08-26 05:00
0.2019,2016-08-26 04:00
0.2020,2016-08-26 03:00
0.2020,2016-08-26 02:00
0.2021,2016-08-26 01:00
0.2023,2016-08-26 00:00
0.2025,2016-08-25 23:00
0.2028,2016-08-25 22:00
0.2032,2016-08-25 21:00
0.2037,2016-08-25 20:00
0.2044,2016-08-25 19:00
0.2054,2016-08-25 18:00
0.2068,2016-08-25 17:00
0.2086,2016-08-25 16:00
0.2111,2016-08-25 15:00
0.2143,2016-08-25 14:00
0.2186,2016-08-25 13:00
0.2243,2016-08-25 12:00
0.2317,2016-08-25 11:00
0.2414,2016-08-25 10:00
0.2538,2016-08-25 09:00
0.2699,2016-08-25 08:00
0.2904,2016-08-25 07:00
0.3166,2016-08-25 06:00
0.3498,2016-08-25 05:00
0.3918,2016-08-25 04:00
0.4447,2016-08-25 03:00
0.5111,2016-08-25 02:00
0.5939,2016-08-25 01:00
0.6964,2016-08-25 00:00
0.8216,2016-08-24 23:00
0.9718,2016-08-24 22:00
1.1469,2016-08-24 21:00
1.3422,2016-08-24 20:00
1.5451,2016-08-24 19:00
1.7319,2016-08-24 18:00
1.8661,2016-08-24 17:00
1.9025,2016-08-24 16:00
1.8028,2016-08-24 15:00
1.5640,2016-08-24 14:00
1.2393,2016-08-24 13:00
0.8927,2016-08-24 12:00
0.5337,2016-08-24 11:00
0.2869,2016-08-24 10:00
0.2112,2016-08-24 09:00
0.2063,2016-08-24 08:00
0.2036,2016-08-24 07:00
0.2021,2016-08-24 06:00
0.2013,2016-08-24 05:00
0.2010,2016-08-24 04:00
0.2010,2016-08-24 03:00
0.2010,2016-08-24 02:00
0.2010,2016-08-24 01:00
0.2010,2016-08-24 00:00
0.2010,2016-08-23 23:00
0.2011,2016-08-23 22:00
0.2011,2016-08-23 21:00
0.2011,2016-08-23 20:00
0.2011,2016-08-23 19:00
0.2011,2016-08-23 18:00
0.2011,2016-08-23 17:00
0.2011,2016-08-23 16:00
0.2011,2016-08-23 15:00
0.2011,2016-08-23 14:00
0.2011,2016-08-23 13:00
0.2011,2016-08-23 12:00
0.2011,2016-08-23 11:00
0.2011,2016-08-23 10:00
0.2011,2016-08-23 09:00
0.2011,2016-08-23 08:00
0.2011,2016-08-23 07:00
0.2011,2016-08-23 06:00
0.2011,2016-08-23 05:00
0.2011,2016-08-23 04:00
0.2011,2016-08-23 03:00
0.2011,2016-08-23 02:00
0.2011,2016-08-23 01:00
0.2011,2016-08-23 00:00
0.2011,2016-08-22 23:00
0.2011,2016-08-22 22:00
0.2011,2016-08-22 21:00
0.2011,2016-08-22 20:00
0.2011,2016-08-22 19:00
0.2011,2016-08-22 18:00
0.2011,2016-08-22 17:00
0.2011,2016-08-22 16:00
0.2011,2016-08-22 15:00
0.2011,2016-08-22 14:00
0.2011,2016-08-22 13:00
0.2011,2016-08-22 12:00
0.2010,2016-08-22 11:00
0.2010,2016-08-22 10:00
0.2010,2016-08-22 09:00
0.2010,2016-08-22 08:00
0.2010,2016-08-22 07:00
0.2010,2016-08-22 06:00
0.2010,2016-08-22 05:00
0.2010,2016-08-22 04:00
0.2010,2016-08-22 03:00
0.2010,2016-08-22 02:00
0.2010,2016-08-22 01:00
0.2010,2016-08-22 00:00
0.2011,2016-08-21 23:00
0.2011,2016-08-21 22:00
0.2011,2016-08-21 21:00
0.2012,2016-08-21 20:00
0.2013,2016-08-21 19:00
0.2015,2016-08-21 18:00
0.2017,2016-08-21 17:00
0.2020,2016-08-21 16:00
0.2024,2016-08-21 15:00
0.2030,2016-08-21 14:00
0.2038,2016-08-21 13:00
0.2048,2016-08-21 12:00
0.2062,2016-08-21 11:00
0.2081,2016-08-21 10:00
0.2106,2016-08-21 09:00
0.2138,2016-08-21 08:00
0.2180,2016-08-21 07:00
0.2234,2016-08-21 06:00
0.2304,2016-08-21 05:00
0.2391,2016-08-21 04:00
0.2501,2016-08-21 03:00
0.2637,2016-08-21 02:00
0.2803,2016-08-21 01:00
0.3006,2016-08-21 00:00
0.3252,2016-08-20 23:00
0.3546,2016-08-20 22:00
0.3899,2016-08-20 21:00
0.4320,2016-08-20 20:00
0.4820,2016-08-20 19:00
0.5409,2016-08-20 18:00
0.6088,2016-08-20 17:00
0.6849,2016-08-20 16:00
0.7655,2016-08-20 15:00
0.8455,2016-08-20 14:00
0.9180,2016-08-20 13:00
0.9745,2016-08-20 12:00
1.0048,2016-08-20 11:00
0.9975,2016-08-20 10:00
0.9529,2016-08-20 09:00
0.8858,2016-08-20 08:00
0.8052,2016-08-20 07:00
0.7039,2016-08-20 06:00
0.5638,2016-08-20 05:00
0.4689,2016-08-20 04:00
0.4684,2016-08-20 03:00
0.4949,2016-08-20 02:00
0.5216,2016-08-20 01:00
0.5499,2016-08-20 00:00
0.5794,2016-08-19 23:00
0.6068,2016-08-19 22:00
0.6412,2016-08-19 21:00
0.6929,2016-08-19 20:00
0.7537,2016-08-19 19:00
0.8033,2016-08-19 18:00
0.8317,2016-08-19 17:00
0.8321,2016-08-19 16:00
0.8072,2016-08-19 15:00
0.7630,2016-08-19 14:00
0.6807,2016-08-19 13:00
0.5524,2016-08-19 12:00
0.4767,2016-08-19 11:00
0.5013,2016-08-19 10:00
0.5182,2016-08-19 09:00
0.5236,2016-08-19 08:00
0.5137,2016-08-19 07:00
0.4834,2016-08-19 06:00
0.4391,2016-08-19 05:00
0.3974,2016-08-19 04:00
0.3485,2016-08-19 03:00
0.2692,2016-08-19 02:00
0.2006,2016-08-19 01:00
0.2006,2016-08-19 00:00
0.2007,2016-08-18 23:00
0.2007,2016-08-18 22:00
0.2008,2016-08-18 21:00
0.2008,2016-08-18 20:00
0.2009,2016-08-18 19:00
0.2010,2016-08-18 18:00
0.2011,2016-08-18 17:00
0.2012,2016-08-18 16:00
0.2014,2016-08-18 15:00
0.2016,2016-08-18 14:00
0.2019,2016-08-18 13:00
0.2023,2016-08-18 12:00
0.2028,2016-08-18 11:00
0.2034,2016-08-18 10:00
0.2043,2016-08-18 09:00
0.2054,2016-08-18 08:00
0.2068,2016-08-18 07:00
0.2085,2016-08-18 06:00
0.2107,2016-08-18 05:00
0.2134,2016-08-18 04:00
0.2166,2016-08-18 03:00
0.2203,2016-08-18 02:00
0.2246,2016-08-18 01:00
0.2294,2016-08-18 00:00
0.2344,2016-08-17 23:00
0.2396,2016-08-17 22:00
0.2447,2016-08-17 21:00
0.2492,2016-08-17 20:00
0.2529,2016-08-17 19:00
0.2554,2016-08-17 18:00
0.2564,2016-08-17 17:00
0.2557,2016-08-17 16:00
0.2538,2016-08-17 15:00
0.2512,2016-08-17 14:00
0.2492,2016-08-17 13:00
0.2489,2016-08-17 12:00
0.2496,2016-08-17 11:00
0.2372,2016-08-17 10:00
0.2046,2016-08-17 09:00
0.2024,2016-08-17 08:00
0.2020,2016-08-17 07:00
0.2021,2016-08-17 06:00
0.2021,2016-08-17 05:00
0.2021,2016-08-17 04:00
0.2022,2016-08-17 03:00
0.2022,2016-08-17 02:00
0.2022,2016-08-17 01:00
0.2023,2016-08-17 00:00
0.2023,2016-08-16 23:00
0.2023,2016-08-16 22:00
0.2024,2016-08-16 21:00
0.2024,2016-08-16 20:00
0.2024,2016-08-16 19:00
0.2024,2016-08-16 18:00
0.2025,2016-08-16 17:00
0.2025,2016-08-16 16:00
0.2025,2016-08-16 15:00
0.2026,2016-08-16 14:00
0.2026,2016-08-16 13:00
0.2026,2016-08-16 12:00
0.2026,2016-08-16 11:00
0.2027,2016-08-16 10:00
0.2027,2016-08-16 09:00
0.2027,2016-08-16 08:00
0.2027,2016-08-16 07:00
0.2028,2016-08-16 06:00
0.2028,2016-08-16 05:00
0.2028,2016-08-16 04:00
0.2028,2016-08-16 03:00
0.2029,2016-08-16 02:00
0.2029,2016-08-16 01:00
0.2029,2016-08-16 00:00
0.2029,2016-08-15 23:00
0.2030,2016-08-15 22:00
0.2030,2016-08-15 21:00
0.2030,2016-08-15 20:00
0.2030,2016-08-15 19:00
0.2030,2016-08-15 18:00
0.2031,2016-08-15 17:00
0.2031,2016-08-15 16:00
0.2031,2016-08-15 15:00
0.2031,2016-08-15 14:00
0.2031,2016-08-15 13:00
0.2032,2016-08-15 12:00
0.2032,2016-08-15 11:00
0.2032,2016-08-15 10:00
0.2032,2016-08-15 09:00
0.2032,2016-08-15 08:00
0.2033,2016-08-15 07:00
0.2033,2016-08-15 06:00
0.2033,2016-08-15 05:00
0.2033,2016-08-15 04:00
0.2033,2016-08-15 03:00
0.2033,2016-08-15 02:00
0.2034,2016-08-15 01:00
0.2034,2016-08-15 00:00
0.2034,2016-08-14 23:00
0.2034,2016-08-14 22:00
0.2034,2016-08-14 21:00
0.2035,2016-08-14 20:00
0.2035,2016-08-14 19:00
0.2035,2016-08-14 18:00
0.2036,2016-08-14 17:00
0.2036,2016-08-14 16:00
0.2037,2016-08-14 15:00
0.2038,2016-08-14 14:00
0.2040,2016-08-14 13:00
0.2042,2016-08-14 12:00
0.2045,2016-08-14 11:00
0.2048,2016-08-14 10:00
0.2053,2016-08-14 09:00
0.2060,2016-08-14 08:00
0.2069,2016-08-14 07:00
0.2081,2016-08-14 06:00
0.2098,2016-08-14 05:00
0.2120,2016-08-14 04:00
0.2149,2016-08-14 03:00
0.2187,2016-08-14 02:00
0.2237,2016-08-14 01:00
0.2300,2016-08-14 00:00
0.2381,2016-08-13 23:00
0.2482,2016-08-13 22:00
0.2607,2016-08-13 21:00
0.2760,2016-08-13 20:00
0.2945,2016-08-13 19:00
0.3163,2016-08-13 18:00
0.3417,2016-08-13 17:00
0.3704,2016-08-13 16:00
0.4021,2016-08-13 15:00
0.4357,2016-08-13 14:00
0.4696,2016-08-13 13:00
0.5013,2016-08-13 12:00
0.5275,2016-08-13 11:00
0.5434,2016-08-13 10:00
0.5435,2016-08-13 09:00
0.5233,2016-08-13 08:00
0.4829,2016-08-13 07:00
0.4306,2016-08-13 06:00
0.3769,2016-08-13 05:00
0.3256,2016-08-13 04:00
0.2987,2016-08-13 03:00
0.2929,2016-08-13 02:00
0.2972,2016-08-13 01:00
0.3026,2016-08-13 00:00
0.3101,2016-08-12 23:00
0.3165,2016-08-12 22:00
0.3311,2016-08-12 21:00
0.3507,2016-08-12 20:00
0.3769,2016-08-12 19:00
0.4046,2016-08-12 18:00
0.4324,2016-08-12 17:00
0.4585,2016-08-12 16:00
0.4807,2016-08-12 15:00
0.4965,2016-08-12 14:00
0.5035,2016-08-12 13:00
0.4998,2016-08-12 12:00
0.4846,2016-08-12 11:00
0.4593,2016-08-12 10:00
0.4275,2016-08-12 09:00
0.3906,2016-08-12 08:00
0.3419,2016-08-12 07:00
0.2908,2016-08-12 06:00
0.2629,2016-08-12 05:00
0.2535,2016-08-12 04:00
0.2542,2016-08-12 03:00
0.2582,2016-08-12 02:00
0.2605,2016-08-12 01:00
0.2606,2016-08-12 00:00
0.2586,2016-08-11 23:00
0.2547,2016-08-11 22:00
0.2494,2016-08-11 21:00
0.2436,2016-08-11 20:00
0.2378,2016-08-11 19:00
0.2326,2016-08-11 18:00
0.2281,2016-08-11 17:00
0.2234,2016-08-11 16:00
0.2157,2016-08-11 15:00
0.2055,2016-08-11 14:00
0.2055,2016-08-11 13:00
0.2056,2016-08-11 12:00
0.2056,2016-08-11 11:00
0.2057,2016-08-11 10:00
0.2057,2016-08-11 09:00
0.2058,2016-08-11 08:00
0.2059,2016-08-11 07:00
0.2059,2016-08-11 06:00
0.2060,2016-08-11 05:00
0.2061,2016-08-11 04:00
0.2061,2016-08-11 03:00
0.2062,2016-08-11 02:00
0.2062,2016-08-11 01:00
0.2063,2016-08-11 00:00
0.2064,2016-08-10 23:00
0.2064,2016-08-10 22:00
0.2065,2016-08-10 21:00
0.2065,2016-08-10 20:00
0.2066,2016-08-10 19:00
0.2066,2016-08-10 18:00
0.2067,2016-08-10 17:00
0.2068,2016-08-10 16:00
0.2068,2016-08-10 15:00
0.2069,2016-08-10 14:00
0.2069,2016-08-10 13:00
0.2070,2016-08-10 12:00
0.2070,2016-08-10 11:00
0.2071,2016-08-10 10:00
0.2072,2016-08-10 09:00
0.2072,2016-08-10 08:00
0.2073,2016-08-10 07:00
0.2073,2016-08-10 06:00
0.2074,2016-08-10 05:00
0.2074,2016-08-10 04:00
0.2075,2016-08-10 03:00
0.2075,2016-08-10 02:00
0.2076,2016-08-10 01:00
0.2076,2016-08-10 00:00
0.2077,2016-08-09 23:00
0.2077,2016-08-09 22:00
0.2078,2016-08-09 21:00
0.2078,2016-08-09 20:00
0.2079,2016-08-09 19:00
0.2079,2016-08-09 18:00
0.2080,2016-08-09 17:00
0.2081,2016-08-09 16:00
0.2081,2016-08-09 15:00
0.2082,2016-08-09 14:00
0.2082,2016-08-09 13:00
0.2083,2016-08-09 12:00
0.2083,2016-08-09 11:00
0.2083,2016-08-09 10:00
0.2084,2016-08-09 09:00
0.2084,2016-08-09 08:00
0.2085,2016-08-09 07:00
0.2085,2016-08-09 06:00
0.2086,2016-08-09 05:00
0.2086,2016-08-09 04:00
0.2087,2016-08-09 03:00
0.2087,2016-08-09 02:00
0.2088,2016-08-09 01:00
0.2088,2016-08-09 00:00
0.2089,2016-08-08 23:00
0.2089,2016-08-08 22:00
0.2090,2016-08-08 21:00
0.2090,2016-08-08 20:00
0.2090,2016-08-08 19:00
0.2091,2016-08-08 18:00
0.2091,2016-08-08 17:00
0.2092,2016-08-08 16:00
0.2092,2016-08-08 15:00
0.2093,2016-08-08 14:00
0.2093,2016-08-08 13:00
0.2093,2016-08-08 12:00
0.2094,2016-08-08 11:00
0.2094,2016-08-08 10:00
0.2095,2016-08-08 09:00
0.2095,2016-08-08 08:00
0.2096,2016-08-08 07:00
0.2096,2016-08-08 06:00
0.2096,2016-08-08 05:00
0.2097,2016-08-08 04:00
0.2097,2016-08-08 03:00
0.2098,2016-08-08 02:00
0.2098,2016-08-08 01:00
0.2098,2016-08-08 00:00
0.2099,2016-08-07 23:00
0.2099,2016-08-07 22:00
0.2099,2016-08-07 21:00
0.2100,2016-08-07 20:00
0.2100,2016-08-07 19:00
0.2101,2016-08-07 18:00
0.2101,2016-08-07 17:00
0.2101,2016-08-07 16:00
0.2102,2016-08-07 15:00
0.2102,2016-08-07 14:00
0.2102,2016-08-07 13:00
0.2103,2016-08-07 12:00
0.2103,2016-08-07 11:00
0.2103,2016-08-07 10:00
0.2104,2016-08-07 09:00
0.2104,2016-08-07 08:00
0.2104,2016-08-07 07:00
0.2105,2016-08-07 06:00
0.2105,2016-08-07 05:00
0.2105,2016-08-07 04:00
0.2106,2016-08-07 03:00
0.2106,2016-08-07 02:00
0.2106,2016-08-07 01:00
0.2107,2016-08-07 00:00
0.2107,2016-08-06 23:00
0.2107,2016-08-06 22:00
0.2108,2016-08-06 21:00
0.2108,2016-08-06 20:00
0.2108,2016-08-06 19:00
0.2109,2016-08-06 18:00
0.2109,2016-08-06 17:00
0.2110,2016-08-06 16:00
0.2110,2016-08-06 15:00
0.2111,2016-08-06 14:00
0.2112,2016-08-06 13:00
0.2113,2016-08-06 12:00
0.2115,2016-08-06 11:00
0.2117,2016-08-06 10:00
0.2120,2016-08-06 09:00
0.2124,2016-08-06 08:00
0.2129,2016-08-06 07:00
0.2136,2016-08-06 06:00
0.2145,2016-08-06 05:00
0.2158,2016-08-06 04:00
0.2175,2016-08-06 03:00
0.2198,2016-08-06 02:00
0.2228,2016-08-06 01:00
0.2268,2016-08-06 00:00
0.2321,2016-08-05 23:00
0.2388,2016-08-05 22:00
0.2475,2016-08-05 21:00
0.2584,2016-08-05 20:00
0.2721,2016-08-05 19:00
0.2890,2016-08-05 18:00
0.3095,2016-08-05 17:00
0.3340,2016-08-05 16:00
0.3625,2016-08-05 15:00
0.3949,2016-08-05 14:00
0.4302,2016-08-05 13:00
0.4670,2016-08-05 12:00
0.5023,2016-08-05 11:00
0.5326,2016-08-05 10:00
0.5534,2016-08-05 09:00
0.5603,2016-08-05 08:00
0.5504,2016-08-05 07:00
0.5231,2016-08-05 06:00
0.4815,2016-08-05 05:00
0.4321,2016-08-05 04:00
0.3815,2016-08-05 03:00
0.3291,2016-08-05 02:00
0.2648,2016-08-05 01:00
0.2121,2016-08-05 00:00
0.2122,2016-08-04 23:00
0.2122,2016-08-04 22:00
0.2123,2016-08-04 21:00
0.2123,2016-08-04 20:00
0.2124,2016-08-04 19:00
0.2125,2016-08-04 18:00
0.2125,2016-08-04 17:00
0.2126,2016-08-04 16:00
0.2126,2016-08-04 15:00
0.2127,2016-08-04 14:00
0.2127,2016-08-04 13:00
0.2128,2016-08-04 12:00
0.2128,2016-08-04 11:00
0.2129,2016-08-04 10:00
0.2130,2016-08-04 09:00
0.2130,2016-08-04 08:00
0.2131,2016-08-04 07:00
0.2131,2016-08-04 06:00
0.2132,2016-08-04 05:00
0.2132,2016-08-04 04:00
0.2133,2016-08-04 03:00
0.2133,2016-08-04 02:00
0.2134,2016-08-04 01:00
0.2134,2016-08-04 00:00
0.2135,2016-08-03 23:00
0.2135,2016-08-03 22:00
0.2136,2016-08-03 21:00
0.2136,2016-08-03 20:00
0.2137,2016-08-03 19:00
0.2137,2016-08-03 18:00
0.2138,2016-08-03 17:00
0.2138,2016-08-03 16:00
0.2139,2016-08-03 15:00
0.2139,2016-08-03 14:00
0.2140,2016-08-03 13:00
0.2140,2016-08-03 12:00
0.2141,2016-08-03 11:00
0.2141,2016-08-03 10:00
0.2142,2016-08-03 09:00
0.2143,2016-08-03 08:00
0.2143,2016-08-03 07:00
0.2144,2016-08-03 06:00
0.2145,2016-08-03 05:00
0.2146,2016-08-03 04:00
0.2147,2016-08-03 03:00
0.2149,2016-08-03 02:00
0.2150,2016-08-03 01:00
0.2153,2016-08-03 00:00
0.2155,2016-08-02 23:00
0.2158,2016-08-02 22:00
0.2162,2016-08-02 21:00
0.2166,2016-08-02 20:00
0.2171,2016-08-02 19:00
0.2176,2016-08-02 18:00
0.2182,2016-08-02 17:00
0.2187,2016-08-02 16:00
0.2191,2016-08-02 15:00
0.2194,2016-08-02 14:00
0.2195,2016-08-02 13:00
0.2195,2016-08-02 12:00
0.2192,2016-08-02 11:00
0.2188,2016-08-02 10:00
0.2182,2016-08-02 09:00
0.2176,2016-08-02 08:00
0.2171,2016-08-02 07:00
0.2165,2016-08-02 06:00
0.2161,2016-08-02 05:00
0.2158,2016-08-02 04:00
0.2155,2016-08-02 03:00
0.2155,2016-08-02 02:00
0.2155,2016-08-02 01:00
0.2155,2016-08-02 00:00
0.2156,2016-08-01 23:00
0.2156,2016-08-01 22:00
0.2156,2016-08-01 21:00
0.2157,2016-08-01 20:00
0.2157,2016-08-01 19:00
0.2157,2016-08-01 18:00
0.2158,2016-08-01 17:00
0.2158,2016-08-01 16:00
0.2159,2016-08-01 15:00
0.2159,2016-08-01 14:00
0.2159,2016-08-01 13:00
0.2160,2016-08-01 12:00
0.2160,2016-08-01 11:00
0.2160,2016-08-01 10:00
0.2161,2016-08-01 09:00
0.2161,2016-08-01 08:00
0.2161,2016-08-01 07:00
0.2162,2016-08-01 06:00
0.2162,2016-08-01 05:00
0.2162,2016-08-01 04:00
0.2163,2016-08-01 03:00
0.2163,2016-08-01 02:00
0.2163,2016-08-01 01:00
0.2164,2016-08-01 00:00
0.2164,2016-07-31 23:00
0.2164,2016-07-31 22:00
0.2165,2016-07-31 21:00
0.2165,2016-07-31 20:00
0.2165,2016-07-31 19:00
0.2166,2016-07-31 18:00
0.2166,2016-07-31 17:00
0.2166,2016-07-31 16:00
0.2167,2016-07-31 15:00
0.2167,2016-07-31 14:00
0.2167,2016-07-31 13:00
0.2168,2016-07-31 12:00
0.2168,2016-07-31 11:00
0.2168,2016-07-31 10:00
0.2169,2016-07-31 09:00
0.2169,2016-07-31 08:00
0.2170,2016-07-31 07:00
0.2171,2016-07-31 06:00
0.2172,2016-07-31 05:00
0.2173,2016-07-31 04:00
0.2174,2016-07-31 03:00
0.2176,2016-07-31 02:00
0.2179,2016-07-31 01:00
0.2183,2016-07-31 00:00
0.2188,2016-07-30 23:00
0.2195,2016-07-30 22:00
0.2205,2016-07-30 21:00
0.2219,2016-07-30 20:00
0.2237,2016-07-30 19:00
0.2262,2016-07-30 18:00
0.2294,2016-07-30 17:00
0.2337,2016-07-30 16:00
0.2394,2016-07-30 15:00
0.2466,2016-07-30 14:00
0.2558,2016-07-30 13:00
0.2673,2016-07-30 12:00
0.2816,2016-07-30 11:00
0.2988,2016-07-30 10:00
0.3192,2016-07-30 09:00
0.3425,2016-07-30 08:00
0.3682,2016-07-30 07:00
0.3949,2016-07-30 06:00
0.4201,2016-07-30 05:00
0.4402,2016-07-30 04:00
0.4503,2016-07-30 03:00
0.4459,2016-07-30 02:00
0.4244,2016-07-30 01:00
0.3878,2016-07-30 00:00
0.3437,2016-07-29 23:00
0.3023,2016-07-29 22:00
0.2706,2016-07-29 21:00
0.2496,2016-07-29 20:00
0.2362,2016-07-29 19:00
0.2275,2016-07-29 18:00
0.2225,2016-07-29 17:00
0.2190,2016-07-29 16:00
0.2179,2016-07-29 15:00
0.2179,2016-07-29 14:00
0.2180,2016-07-29 13:00
0.2180,2016-07-29 12:00
0.2180,2016-07-29 11:00
0.2180,2016-07-29 10:00
0.2181,2016-07-29 09:00
0.2181,2016-07-29 08:00
0.2181,2016-07-29 07:00
0.2181,2016-07-29 06:00
0.2182,2016-07-29 05:00
0.2182,2016-07-29 04:00
0.2182,2016-07-29 03:00
0.2182,2016-07-29 02:00
0.2183,2016-07-29 01:00
0.2183,2016-07-29 00:00
0.2183,2016-07-28 23:00
0.2183,2016-07-28 22:00
0.2183,2016-07-28 21:00
0.2184,2016-07-28 20:00
0.2184,2016-07-28 19:00
0.2184,2016-07-28 18:00
0.2184,2016-07-28 17:00
0.2184,2016-07-28 16:00
0.2185,2016-07-28 15:00
0.2185,2016-07-28 14:00
0.2185,2016-07-28 13:00
0.2185,2016-07-28 12:00
0.2185,2016-07-28 11:00
0.2186,2016-07-28 10:00
0.2186,2016-07-28 09:00
0.2186,2016-07-28 08:00
0.2186,2016-07-28 07:00
0.2186,2016-07-28 06:00
0.2186,2016-07-28 05:00
0.2186,2016-07-28 04:00
0.2187,2016-07-28 03:00
0.2187,2016-07-28 02:00
0.2187,2016-07-28 01:00
0.2187,2016-07-28 00:00
0.2187,2016-07-27 23:00
0.2187,2016-07-27 22:00
0.2187,2016-07-27 21:00
0.2187,2016-07-27 20:00
0.2188,2016-07-27 19:00
0.2188,2016-07-27 18:00
0.2188,2016-07-27 17:00
0.2188,2016-07-27 16:00
0.2188,2016-07-27 15:00
0.2188,2016-07-27 14:00
0.2188,2016-07-27 13:00
0.2188,2016-07-27 12:00
0.2188,2016-07-27 11:00
0.2188,2016-07-27 10:00
0.2188,2016-07-27 09:00
0.2188,2016-07-27 08:00
0.2188,2016-07-27 07:00
0.2188,2016-07-27 06:00
0.2188,2016-07-27 05:00
0.2188,2016-07-27 04:00
0.2188,2016-07-27 03:00
0.2188,2016-07-27 02:00
0.2188,2016-07-27 01:00
0.2188,2016-07-27 00:00
0.2189,2016-07-26 23:00
0.2189,2016-07-26 22:00
0.2188,2016-07-26 21:00
0.2188,2016-07-26 20:00
0.2188,2016-07-26 19:00
0.2188,2016-07-26 18:00
0.2188,2016-07-26 17:00
0.2188,2016-07-26 16:00
0.2188,2016-07-26 15:00
0.2188,2016-07-26 14:00
0.2188,2016-07-26 13:00
0.2188,2016-07-26 12:00
0.2188,2016-07-26 11:00
0.2188,2016-07-26 10:00
0.2188,2016-07-26 09:00
0.2188,2016-07-26 08:00
0.2188,2016-07-26 07:00
0.2188,2016-07-26 06:00
0.2188,2016-07-26 05:00
0.2188,2016-07-26 04:00
0.2188,2016-07-26 03:00
0.2188,2016-07-26 02:00
0.2187,2016-07-26 01:00
0.2187,2016-07-26 00:00
0.2187,2016-07-25 23:00
0.2187,2016-07-25 22:00
0.2187,2016-07-25 21:00
0.2187,2016-07-25 20:00
0.2187,2016-07-25 19:00
0.2187,2016-07-25 18:00
0.2188,2016-07-25 17:00
0.2188,2016-07-25 16:00
0.2188,2016-07-25 15:00
0.2189,2016-07-25 14:00
0.2190,2016-07-25 13:00
0.2191,2016-07-25 12:00
0.2193,2016-07-25 11:00
0.2196,2016-07-25 10:00
0.2200,2016-07-25 09:00
0.2205,2016-07-25 08:00
0.2212,2016-07-25 07:00
0.2221,2016-07-25 06:00
0.2234,2016-07-25 05:00
0.2250,2016-07-25 04:00
0.2273,2016-07-25 03:00
0.2303,2016-07-25 02:00
0.2343,2016-07-25 01:00
0.2396,2016-07-25 00:00
0.2464,2016-07-24 23:00
0.2553,2016-07-24 22:00
0.2667,2016-07-24 21:00
0.2814,2016-07-24 20:00
0.3000,2016-07-24 19:00
0.3236,2016-07-24 18:00
0.3534,2016-07-24 17:00
0.3907,2016-07-24 16:00
0.4372,2016-07-24 15:00
0.4950,2016-07-24 14:00
0.5662,2016-07-24 13:00
0.6535,2016-07-24 12:00
0.7593,2016-07-24 11:00
0.8858,2016-07-24 10:00
1.0339,2016-07-24 09:00
1.2029,2016-07-24 08:00
1.3884,2016-07-24 07:00
1.5817,2016-07-24 06:00
1.7691,2016-07-24 05:00
1.9325,2016-07-24 04:00
2.0522,2016-07-24 03:00
2.1102,2016-07-24 02:00
2.0937,2016-07-24 01:00
1.9971,2016-07-24 00:00
1.8338,2016-07-23 23:00
1.5892,2016-07-23 22:00
1.3597,2016-07-23 21:00
1.1801,2016-07-23 20:00
0.9710,2016-07-23 19:00
0.7409,2016-07-23 18:00
0.5243,2016-07-23 17:00
0.3507,2016-07-23 16:00
0.2375,2016-07-23 15:00
0.2338,2016-07-23 14:00
0.2284,2016-07-23 13:00
0.2182,2016-07-23 12:00
0.2183,2016-07-23 11:00
0.2183,2016-07-23 10:00
0.2183,2016-07-23 09:00
0.2184,2016-07-23 08:00
0.2184,2016-07-23 07:00
0.2184,2016-07-23 06:00
0.2185,2016-07-23 05:00
0.2185,2016-07-23 04:00
0.2185,2016-07-23 03:00
0.2185,2016-07-23 02:00
0.2186,2016-07-23 01:00
0.2186,2016-07-23 00:00
0.2186,2016-07-22 23:00
0.2187,2016-07-22 22:00
0.2187,2016-07-22 21:00
0.2187,2016-07-22 20:00
0.2188,2016-07-22 19:00
0.2188,2016-07-22 18:00
0.2188,2016-07-22 17:00
0.2189,2016-07-22 16:00
0.2189,2016-07-22 15:00
0.2190,2016-07-22 14:00
0.2191,2016-07-22 13:00
0.2193,2016-07-22 12:00
0.2196,2016-07-22 11:00
0.2199,2016-07-22 10:00
0.2204,2016-07-22 09:00
0.2209,2016-07-22 08:00
0.2215,2016-07-22 07:00
0.2212,2016-07-22 06:00
0.2191,2016-07-22 05:00
0.2192,2016-07-22 04:00
0.2192,2016-07-22 03:00
0.2193,2016-07-22 02:00
0.2194,2016-07-22 01:00
0.2195,2016-07-22 00:00
0.2196,2016-07-21 23:00
0.2197,2016-07-21 22:00
0.2199,2016-07-21 21:00
0.2202,2016-07-21 20:00
0.2206,2016-07-21 19:00
0.2211,2016-07-21 18:00
0.2217,2016-07-21 17:00
0.2226,2016-07-21 16:00
0.2237,2016-07-21 15:00
0.2252,2016-07-21 14:00
0.2270,2016-07-21 13:00
0.2293,2016-07-21 12:00
0.2322,2016-07-21 11:00
0.2357,2016-07-21 10:00
0.2398,2016-07-21 09:00
0.2446,2016-07-21 08:00
0.2501,2016-07-21 07:00
0.2562,2016-07-21 06:00
0.2627,2016-07-21 05:00
0.2694,2016-07-21 04:00
0.2760,2016-07-21 03:00
0.2821,2016-07-21 02:00
0.2871,2016-07-21 01:00
0.2904,2016-07-21 00:00
0.2913,2016-07-20 23:00
0.2896,2016-07-20 22:00
0.2855,2016-07-20 21:00
0.2802,2016-07-20 20:00
0.2751,2016-07-20 19:00
0.2701,2016-07-20 18:00
0.2567,2016-07-20 17:00
0.2400,2016-07-20 16:00
0.2465,2016-07-20 15:00
0.2548,2016-07-20 14:00
0.2653,2016-07-20 13:00
0.2783,2016-07-20 12:00
0.2944,2016-07-20 11:00
0.3138,2016-07-20 10:00
0.3370,2016-07-20 09:00
0.3640,2016-07-20 08:00
0.3949,2016-07-20 07:00
0.4287,2016-07-20 06:00
0.4642,2016-07-20 05:00
0.4984,2016-07-20 04:00
0.5272,2016-07-20 03:00
0.5450,2016-07-20 02:00
0.5453,2016-07-20 01:00
0.5239,2016-07-20 00:00
0.4819,2016-07-19 23:00
0.4277,2016-07-19 22:00
0.3700,2016-07-19 21:00
0.3088,2016-07-19 20:00
0.2475,2016-07-19 19:00
0.2199,2016-07-19 18:00
0.2199,2016-07-19 17:00
0.2199,2016-07-19 16:00
0.2199,2016-07-19 15:00
0.2200,2016-07-19 14:00
0.2200,2016-07-19 13:00
0.2200,2016-07-19 12:00
0.2200,2016-07-19 11:00
0.2200,2016-07-19 10:00
0.2200,2016-07-19 09:00
0.2201,2016-07-19 08:00
0.2201,2016-07-19 07:00
0.2201,2016-07-19 06:00
0.2202,2016-07-19 05:00
0.2202,2016-07-19 04:00
0.2202,2016-07-19 03:00
0.2203,2016-07-19 02:00
0.2204,2016-07-19 01:00
0.2205,2016-07-19 00:00
0.2207,2016-07-18 23:00
0.2209,2016-07-18 22:00
0.2211,2016-07-18 21:00
0.2215,2016-07-18 20:00
0.2220,2016-07-18 19:00
0.2227,2016-07-18 18:00
0.2237,2016-07-18 17:00
0.2250,2016-07-18 16:00
0.2267,2016-07-18 15:00
0.2291,2016-07-18 14:00
0.2323,2016-07-18 13:00
0.2365,2016-07-18 12:00
0.2422,2016-07-18 11:00
0.2496,2016-07-18 10:00
0.2592,2016-07-18 09:00
0.2717,2016-07-18 08:00
0.2877,2016-07-18 07:00
0.3081,2016-07-18 06:00
0.3338,2016-07-18 05:00
0.3659,2016-07-18 04:00
0.4055,2016-07-18 03:00
0.4537,2016-07-18 02:00
0.5116,2016-07-18 01:00
0.5797,2016-07-18 00:00
0.6578,2016-07-17 23:00
0.7443,2016-07-17 22:00
0.8358,2016-07-17 21:00
0.9253,2016-07-17 20:00
1.0029,2016-07-17 19:00
1.0574,2016-07-17 18:00
1.0722,2016-07-17 17:00
1.0356,2016-07-17 16:00
0.9475,2016-07-17 15:00
0.8218,2016-07-17 14:00
0.6759,2016-07-17 13:00
0.5232,2016-07-17 12:00
0.3807,2016-07-17 11:00
0.2776,2016-07-17 10:00
0.2339,2016-07-17 09:00
0.2217,2016-07-17 08:00
0.2210,2016-07-17 07:00
0.2210,2016-07-17 06:00
0.2211,2016-07-17 05:00
0.2212,2016-07-17 04:00
0.2212,2016-07-17 03:00
0.2213,2016-07-17 02:00
0.2213,2016-07-17 01:00
0.2214,2016-07-17 00:00
0.2214,2016-07-16 23:00
0.2215,2016-07-16 22:00
0.2216,2016-07-16 21:00
0.2216,2016-07-16 20:00
0.2217,2016-07-16 19:00
0.2217,2016-07-16 18:00
0.2218,2016-07-16 17:00
0.2218,2016-07-16 16:00
0.2219,2016-07-16 15:00
0.2219,2016-07-16 14:00
0.2220,2016-07-16 13:00
0.2220,2016-07-16 12:00
0.2221,2016-07-16 11:00
0.2222,2016-07-16 10:00
0.2222,2016-07-16 09:00
0.2223,2016-07-16 08:00
0.2223,2016-07-16 07:00
0.2224,2016-07-16 06:00
0.2224,2016-07-16 05:00
0.2225,2016-07-16 04:00
0.2225,2016-07-16 03:00
0.2226,2016-07-16 02:00
0.2226,2016-07-16 01:00
0.2227,2016-07-16 00:00
0.2227,2016-07-15 23:00
0.2228,2016-07-15 22:00
0.2228,2016-07-15 21:00
0.2229,2016-07-15 20:00
0.2229,2016-07-15 19:00
0.2230,2016-07-15 18:00
0.2230,2016-07-15 17:00
0.2230,2016-07-15 16:00
0.2231,2016-07-15 15:00
0.2231,2016-07-15 14:00
0.2232,2016-07-15 13:00
0.2232,2016-07-15 12:00
0.2233,2016-07-15 11:00
0.2233,2016-07-15 10:00
0.2234,2016-07-15 09:00
0.2234,2016-07-15 08:00
0.2235,2016-07-15 07:00
0.2235,2016-07-15 06:00
0.2235,2016-07-15 05:00
0.2236,2016-07-15 04:00
0.2236,2016-07-15 03:00
0.2237,2016-07-15 02:00
0.2237,2016-07-15 01:00
0.2238,2016-07-15 00:00
0.2238,2016-07-14 23:00
0.2238,2016-07-14 22:00
0.2239,2016-07-14 21:00
0.2239,2016-07-14 20:00
0.2240,2016-07-14 19:00
0.2240,2016-07-14 18:00
0.2240,2016-07-14 17:00
0.2241,2016-07-14 16:00
0.2241,2016-07-14 15:00
0.2241,2016-07-14 14:00
0.2242,2016-07-14 13:00
0.2242,2016-07-14 12:00
0.2243,2016-07-14 11:00
0.2243,2016-07-14 10:00
0.2243,2016-07-14 09:00
0.2244,2016-07-14 08:00
0.2244,2016-07-14 07:00
0.2244,2016-07-14 06:00
0.2245,2016-07-14 05:00
0.2245,2016-07-14 04:00
0.2246,2016-07-14 03:00
0.2246,2016-07-14 02:00
0.2246,2016-07-14 01:00
0.2247,2016-07-14 00:00
0.2247,2016-07-13 23:00
0.2248,2016-07-13 22:00
0.2249,2016-07-13 21:00
0.2249,2016-07-13 20:00
0.2250,2016-07-13 19:00
0.2252,2016-07-13 18:00
0.2253,2016-07-13 17:00
0.2256,2016-07-13 16:00
0.2259,2016-07-13 15:00
0.2263,2016-07-13 14:00
0.2268,2016-07-13 13:00
0.2275,2016-07-13 12:00
0.2285,2016-07-13 11:00
0.2298,2016-07-13 10:00
0.2316,2016-07-13 09:00
0.2339,2016-07-13 08:00
0.2369,2016-07-13 07:00
0.2408,2016-07-13 06:00
0.2457,2016-07-13 05:00
0.2520,2016-07-13 04:00
0.2597,2016-07-13 03:00
0.2691,2016-07-13 02:00
0.2803,2016-07-13 01:00
0.2935,2016-07-13 00:00
0.3085,2016-07-12 23:00
0.3251,2016-07-12 22:00
0.3428,2016-07-12 21:00
0.3609,2016-07-12 20:00
0.3781,2016-07-12 19:00
0.3928,2016-07-12 18:00
0.4033,2016-07-12 17:00
0.4076,2016-07-12 16:00
0.4040,2016-07-12 15:00
0.3918,2016-07-12 14:00
0.3719,2016-07-12 13:00
0.3473,2016-07-12 12:00
0.3205,2016-07-12 11:00
0.2928,2016-07-12 10:00
0.2668,2016-07-12 09:00
0.2417,2016-07-12 08:00
0.2259,2016-07-12 07:00
0.2260,2016-07-12 06:00
0.2261,2016-07-12 05:00
0.2262,2016-07-12 04:00
0.2263,2016-07-12 03:00
0.2265,2016-07-12 02:00
0.2268,2016-07-12 01:00
0.2271,2016-07-12 00:00
0.2275,2016-07-11 23:00
0.2281,2016-07-11 22:00
0.2290,2016-07-11 21:00
0.2301,2016-07-11 20:00
0.2315,2016-07-11 19:00
0.2335,2016-07-11 18:00
0.2362,2016-07-11 17:00
0.2396,2016-07-11 16:00
0.2441,2016-07-11 15:00
0.2499,2016-07-11 14:00
0.2573,2016-07-11 13:00
0.2665,2016-07-11 12:00
0.2779,2016-07-11 11:00
0.2916,2016-07-11 10:00
0.3080,2016-07-11 09:00
0.3270,2016-07-11 08:00
0.3484,2016-07-11 07:00
0.3718,2016-07-11 06:00
0.3963,2016-07-11 05:00
0.4204,2016-07-11 04:00
0.4422,2016-07-11 03:00
0.4597,2016-07-11 02:00
0.4704,2016-07-11 01:00
0.4725,2016-07-11 00:00
0.4646,2016-07-10 23:00
0.4462,2016-07-10 22:00
0.4182,2016-07-10 21:00
0.3847,2016-07-10 20:00
0.3467,2016-07-10 19:00
0.3054,2016-07-10 18:00
0.2667,2016-07-10 17:00
0.2395,2016-07-10 16:00
0.2271,2016-07-10 15:00
0.2272,2016-07-10 14:00
0.2272,2016-07-10 13:00
0.2272,2016-07-10 12:00
0.2273,2016-07-10 11:00
0.2273,2016-07-10 10:00
0.2274,2016-07-10 09:00
0.2274,2016-07-10 08:00
0.2275,2016-07-10 07:00
0.2275,2016-07-10 06:00
0.2275,2016-07-10 05:00
0.2276,2016-07-10 04:00
0.2276,2016-07-10 03:00
0.2277,2016-07-10 02:00
0.2277,2016-07-10 01:00
0.2277,2016-07-10 00:00
0.2278,2016-07-09 23:00
0.2278,2016-07-09 22:00
0.2278,2016-07-09 21:00
0.2279,2016-07-09 20:00
0.2279,2016-07-09 19:00
0.2280,2016-07-09 18:00
0.2280,2016-07-09 17:00
0.2280,2016-07-09 16:00
0.2281,2016-07-09 15:00
0.2281,2016-07-09 14:00
0.2281,2016-07-09 13:00
0.2282,2016-07-09 12:00
0.2282,2016-07-09 11:00
0.2282,2016-07-09 10:00
0.2283,2016-07-09 09:00
0.2283,2016-07-09 08:00
0.2284,2016-07-09 07:00
0.2284,2016-07-09 06:00
0.2285,2016-07-09 05:00
0.2285,2016-07-09 04:00
0.2286,2016-07-09 03:00
0.2287,2016-07-09 02:00
0.2288,2016-07-09 01:00
0.2289,2016-07-09 00:00
0.2291,2016-07-08 23:00
0.2293,2016-07-08 22:00
0.2295,2016-07-08 21:00
0.2299,2016-07-08 20:00
0.2303,2016-07-08 19:00
0.2309,2016-07-08 18:00
0.2317,2016-07-08 17:00
0.2328,2016-07-08 16:00
0.2341,2016-07-08 15:00
0.2358,2016-07-08 14:00
0.2380,2016-07-08 13:00
0.2407,2016-07-08 12:00
0.2439,2016-07-08 11:00
0.2478,2016-07-08 10:00
0.2524,2016-07-08 09:00
0.2579,2016-07-08 08:00
0.2645,2016-07-08 07:00
0.2726,2016-07-08 06:00
0.2825,2016-07-08 05:00
0.2944,2016-07-08 04:00
0.3063,2016-07-08 03:00
0.3178,2016-07-08 02:00
0.3364,2016-07-08 01:00
0.3564,2016-07-08 00:00
0.3769,2016-07-07 23:00
0.3966,2016-07-07 22:00
0.4139,2016-07-07 21:00
0.4273,2016-07-07 20:00
0.4352,2016-07-07 19:00
0.4365,2016-07-07 18:00
0.4304,2016-07-07 17:00
0.4159,2016-07-07 16:00
0.3933,2016-07-07 15:00
0.3647,2016-07-07 14:00
0.3338,2016-07-07 13:00
0.3004,2016-07-07 12:00
0.2617,2016-07-07 11:00
0.2326,2016-07-07 10:00
0.2337,2016-07-07 09:00
0.2353,2016-07-07 08:00
0.2374,2016-07-07 07:00
0.2402,2016-07-07 06:00
0.2440,2016-07-07 05:00
0.2489,2016-07-07 04:00
0.2553,2016-07-07 03:00
0.2635,2016-07-07 02:00
0.2740,2016-07-07 01:00
0.2873,2016-07-07 00:00
0.3039,2016-07-06 23:00
0.3243,2016-07-06 22:00
0.3492,2016-07-06 21:00
0.3788,2016-07-06 20:00
0.4134,2016-07-06 19:00
0.4528,2016-07-06 18:00
0.4957,2016-07-06 17:00
0.5402,2016-07-06 16:00
0.5828,2016-07-06 15:00
0.6190,2016-07-06 14:00
0.6432,2016-07-06 13:00
0.6497,2016-07-06 12:00
0.6335,2016-07-06 11:00
0.5935,2016-07-06 10:00
0.5376,2016-07-06 09:00
0.4739,2016-07-06 08:00
0.4108,2016-07-06 07:00
0.3334,2016-07-06 06:00
0.2543,2016-07-06 05:00
0.2333,2016-07-06 04:00
0.2325,2016-07-06 03:00
0.2321,2016-07-06 02:00
0.2313,2016-07-06 01:00
0.2314,2016-07-06 00:00
0.2315,2016-07-05 23:00
0.2316,2016-07-05 22:00
0.2316,2016-07-05 21:00
0.2317,2016-07-05 20:00
0.2318,2016-07-05 19:00
0.2319,2016-07-05 18:00
0.2320,2016-07-05 17:00
0.2320,2016-07-05 16:00
0.2321,2016-07-05 15:00
0.2322,2016-07-05 14:00
0.2323,2016-07-05 13:00
0.2324,2016-07-05 12:00
0.2324,2016-07-05 11:00
0.2325,2016-07-05 10:00
0.2326,2016-07-05 09:00
0.2327,2016-07-05 08:00
0.2328,2016-07-05 07:00
0.2328,2016-07-05 06:00
0.2329,2016-07-05 05:00
0.2330,2016-07-05 04:00
0.2331,2016-07-05 03:00
0.2332,2016-07-05 02:00
0.2332,2016-07-05 01:00
0.2333,2016-07-05 00:00
0.2334,2016-07-04 23:00
0.2335,2016-07-04 22:00
0.2335,2016-07-04 21:00
0.2336,2016-07-04 20:00
0.2337,2016-07-04 19:00
0.2338,2016-07-04 18:00
0.2339,2016-07-04 17:00
0.2339,2016-07-04 16:00
0.2340,2016-07-04 15:00
0.2341,2016-07-04 14:00
0.2342,2016-07-04 13:00
0.2342,2016-07-04 12:00
0.2343,2016-07-04 11:00
0.2344,2016-07-04 10:00
0.2345,2016-07-04 09:00
0.2345,2016-07-04 08:00
0.2346,2016-07-04 07:00
0.2347,2016-07-04 06:00
0.2348,2016-07-04 05:00
0.2348,2016-07-04 04:00
0.2349,2016-07-04 03:00
0.2350,2016-07-04 02:00
0.2350,2016-07-04 01:00
0.2351,2016-07-04 00:00
0.2352,2016-07-03 23:00
0.2353,2016-07-03 22:00
0.2353,2016-07-03 21:00
0.2354,2016-07-03 20:00
0.2355,2016-07-03 19:00
0.2355,2016-07-03 18:00
0.2356,2016-07-03 17:00
0.2357,2016-07-03 16:00
0.2357,2016-07-03 15:00
0.2358,2016-07-03 14:00
0.2359,2016-07-03 13:00
0.2360,2016-07-03 12:00
0.2360,2016-07-03 11:00
0.2361,2016-07-03 10:00
0.2362,2016-07-03 09:00
0.2362,2016-07-03 08:00
0.2363,2016-07-03 07:00
0.2364,2016-07-03 06:00
0.2364,2016-07-03 05:00
0.2365,2016-07-03 04:00
0.2366,2016-07-03 03:00
0.2366,2016-07-03 02:00
0.2367,2016-07-03 01:00
0.2368,2016-07-03 00:00
0.2368,2016-07-02 23:00
0.2369,2016-07-02 22:00
0.2370,2016-07-02 21:00
0.2370,2016-07-02 20:00
0.2371,2016-07-02 19:00
0.2372,2016-07-02 18:00
0.2372,2016-07-02 17:00
0.2373,2016-07-02 16:00
0.2373,2016-07-02 15:00
0.2374,2016-07-02 14:00
0.2375,2016-07-02 13:00
0.2375,2016-07-02 12:00
0.2376,2016-07-02 11:00
0.2377,2016-07-02 10:00
0.2377,2016-07-02 09:00
0.2378,2016-07-02 08:00
0.2379,2016-07-02 07:00
0.2379,2016-07-02 06:00
0.2380,2016-07-02 05:00
0.2381,2016-07-02 04:00
0.2382,2016-07-02 03:00
0.2383,2016-07-02 02:00
0.2384,2016-07-02 01:00
0.2385,2016-07-02 00:00
0.2387,2016-07-01 23:00
0.2389,2016-07-01 22:00
0.2391,2016-07-01 21:00
0.2394,2016-07-01 20:00
0.2398,2016-07-01 19:00
0.2403,2016-07-01 18:00
0.2409,2016-07-01 17:00
0.2416,2016-07-01 16:00
0.2425,2016-07-01 15:00
0.2436,2016-07-01 14:00
0.2448,2016-07-01 13:00
0.2462,2016-07-01 12:00
0.2476,2016-07-01 11:00
0.2491,2016-07-01 10:00
0.2506,2016-07-01 09:00
0.2520,2016-07-01 08:00
0.2531,2016-07-01 07:00
0.2539,2016-07-01 06:00
0.2542,2016-07-01 05:00
0.2541,2016-07-01 04:00
0.2534,2016-07-01 03:00
0.2522,2016-07-01 02:00
0.2506,2016-07-01 01:00
0.2490,2016-07-01 00:00
0.2471,2016-06-30 23:00
0.2436,2016-06-30 22:00
0.2399,2016-06-30 21:00
0.2394,2016-06-30 20:00
0.2394,2016-06-30 19:00
0.2395,2016-06-30 18:00
0.2395,2016-06-30 17:00
0.2395,2016-06-30 16:00
0.2395,2016-06-30 15:00
0.2395,2016-06-30 14:00
0.2396,2016-06-30 13:00
0.2396,2016-06-30 12:00
0.2396,2016-06-30 11:00
0.2396,2016-06-30 10:00
0.2396,2016-06-30 09:00
0.2397,2016-06-30 08:00
0.2397,2016-06-30 07:00
0.2397,2016-06-30 06:00
0.2397,2016-06-30 05:00
0.2397,2016-06-30 04:00
0.2398,2016-06-30 03:00
0.2398,2016-06-30 02:00
0.2398,2016-06-30 01:00
0.2398,2016-06-30 00:00
0.2398,2016-06-29 23:00
0.2398,2016-06-29 22:00
0.2399,2016-06-29 21:00
0.2399,2016-06-29 20:00
0.2399,2016-06-29 19:00
0.2399,2016-06-29 18:00
0.2399,2016-06-29 17:00
0.2399,2016-06-29 16:00
0.2400,2016-06-29 15:00
0.2400,2016-06-29 14:00
0.2400,2016-06-29 13:00
0.2400,2016-06-29 12:00
0.2400,2016-06-29 11:00
0.2400,2016-06-29 10:00
0.2400,2016-06-29 09:00
0.2401,2016-06-29 08:00
0.2401,2016-06-29 07:00
0.2401,2016-06-29 06:00
0.2401,2016-06-29 05:00
0.2401,2016-06-29 04:00
0.2401,2016-06-29 03:00
0.2401,2016-06-29 02:00
0.2401,2016-06-29 01:00
0.2402,2016-06-29 00:00
0.2402,2016-06-28 23:00
0.2402,2016-06-28 22:00
0.2402,2016-06-28 21:00
0.2402,2016-06-28 20:00
0.2402,2016-06-28 19:00
0.2402,2016-06-28 18:00
0.2402,2016-06-28 17:00
0.2402,2016-06-28 16:00
0.2402,2016-06-28 15:00
0.2402,2016-06-28 14:00
0.2403,2016-06-28 13:00
0.2403,2016-06-28 12:00
0.2403,2016-06-28 11:00
0.2403,2016-06-28 10:00
0.2403,2016-06-28 09:00
0.2403,2016-06-28 08:00
0.2403,2016-06-28 07:00
0.2403,2016-06-28 06:00
0.2403,2016-06-28 05:00
0.2403,2016-06-28 04:00
0.2403,2016-06-28 03:00
0.2403,2016-06-28 02:00
0.2404,2016-06-28 01:00
0.2404,2016-06-28 00:00
0.2404,2016-06-27 23:00
0.2404,2016-06-27 22:00
0.2404,2016-06-27 21:00
0.2405,2016-06-27 20:00
0.2406,2016-06-27 19:00
0.2406,2016-06-27 18:00
0.2408,2016-06-27 17:00
0.2409,2016-06-27 16:00
0.2412,2016-06-27 15:00
0.2415,2016-06-27 14:00
0.2419,2016-06-27 13:00
0.2426,2016-06-27 12:00
0.2434,2016-06-27 11:00
0.2446,2016-06-27 10:00
0.2462,2016-06-27 09:00
0.2483,2016-06-27 08:00
0.2511,2016-06-27 07:00
0.2548,2016-06-27 06:00
0.2597,2016-06-27 05:00
0.2659,2016-06-27 04:00
0.2737,2016-06-27 03:00
0.2835,2016-06-27 02:00
0.2954,2016-06-27 01:00
0.3096,2016-06-27 00:00
0.3263,2016-06-26 23:00
0.3452,2016-06-26 22:00
0.3659,2016-06-26 21:00
0.3876,2016-06-26 20:00
0.4089,2016-06-26 19:00
0.4280,2016-06-26 18:00
0.4426,2016-06-26 17:00
0.4503,2016-06-26 16:00
0.4492,2016-06-26 15:00
0.4383,2016-06-26 14:00
0.4182,2016-06-26 13:00
0.3909,2016-06-26 12:00
0.3597,2016-06-26 11:00
0.3247,2016-06-26 10:00
0.2885,2016-06-26 09:00
0.2617,2016-06-26 08:00
0.2466,2016-06-26 07:00
0.2407,2016-06-26 06:00
0.2404,2016-06-26 05:00
0.2404,2016-06-26 04:00
0.2404,2016-06-26 03:00
0.2404,2016-06-26 02:00
0.2404,2016-06-26 01:00
0.2404,2016-06-26 00:00
0.2404,2016-06-25 23:00
0.2404,2016-06-25 22:00
0.2404,2016-06-25 21:00
0.2404,2016-06-25 20:00
0.2404,2016-06-25 19:00
0.2404,2016-06-25 18:00
0.2404,2016-06-25 17:00
0.2404,2016-06-25 16:00
0.2404,2016-06-25 15:00
0.2404,2016-06-25 14:00
0.2404,2016-06-25 13:00
0.2404,2016-06-25 12:00
0.2404,2016-06-25 11:00
0.2404,2016-06-25 10:00
0.2404,2016-06-25 09:00
0.2404,2016-06-25 08:00
0.2404,2016-06-25 07:00
0.2404,2016-06-25 06:00
0.2404,2016-06-25 05:00
0.2404,2016-06-25 04:00
0.2404,2016-06-25 03:00
0.2404,2016-06-25 02:00
0.2404,2016-06-25 01:00
0.2404,2016-06-25 00:00
0.2404,2016-06-24 23:00
0.2404,2016-06-24 22:00
0.2404,2016-06-24 21:00
0.2404,2016-06-24 20:00
0.2404,2016-06-24 19:00
0.2404,2016-06-24 18:00
0.2404,2016-06-24 17:00
0.2404,2016-06-24 16:00
0.2405,2016-06-24 15:00
0.2405,2016-06-24 14:00
0.2406,2016-06-24 13:00
0.2407,2016-06-24 12:00
0.2408,2016-06-24 11:00
0.2410,2016-06-24 10:00
0.2413,2016-06-24 09:00
0.2417,2016-06-24 08:00
0.2422,2016-06-24 07:00
0.2429,2016-06-24 06:00
0.2437,2016-06-24 05:00
0.2449,2016-06-24 04:00
0.2464,2016-06-24 03:00
0.2482,2016-06-24 02:00
0.2505,2016-06-24 01:00
0.2531,2016-06-24 00:00
0.2562,2016-06-23 23:00
0.2596,2016-06-23 22:00
0.2632,2016-06-23 21:00
0.2669,2016-06-23 20:00
0.2703,2016-06-23 19:00
0.2733,2016-06-23 18:00
0.2755,2016-06-23 17:00
0.2768,2016-06-23 16:00
0.2772,2016-06-23 15:00
0.2768,2016-06-23 14:00
0.2759,2016-06-23 13:00
0.2751,2016-06-23 12:00
0.2749,2016-06-23 11:00
0.2760,2016-06-23 10:00
0.2788,2016-06-23 09:00
0.2832,2016-06-23 08:00
0.2897,2016-06-23 07:00
0.3014,2016-06-23 06:00
0.3166,2016-06-23 05:00
0.3343,2016-06-23 04:00
0.3546,2016-06-23 03:00
0.3771,2016-06-23 02:00
0.4015,2016-06-23 01:00
0.4271,2016-06-23 00:00
0.4527,2016-06-22 23:00
0.4770,2016-06-22 22:00
0.4980,2016-06-22 21:00
0.5137,2016-06-22 20:00
0.5221,2016-06-22 19:00
0.5216,2016-06-22 18:00
0.5114,2016-06-22 17:00
0.4903,2016-06-22 16:00
0.4553,2016-06-22 15:00
0.4166,2016-06-22 14:00
0.3859,2016-06-22 13:00
0.3538,2016-06-22 12:00
0.3147,2016-06-22 11:00
0.2723,2016-06-22 10:00
0.2487,2016-06-22 09:00
0.2426,2016-06-22 08:00
0.2396,2016-06-22 07:00
0.2395,2016-06-22 06:00
0.2395,2016-06-22 05:00
0.2395,2016-06-22 04:00
0.2395,2016-06-22 03:00
0.2395,2016-06-22 02:00
0.2395,2016-06-22 01:00
0.2395,2016-06-22 00:00
0.2394,2016-06-21 23:00
0.2394,2016-06-21 22:00
0.2394,2016-06-21 21:00
0.2394,2016-06-21 20:00
0.2394,2016-06-21 19:00
0.2394,2016-06-21 18:00
0.2393,2016-06-21 17:00
0.2393,2016-06-21 16:00
0.2393,2016-06-21 15:00
0.2393,2016-06-21 14:00
0.2393,2016-06-21 13:00
0.2393,2016-06-21 12:00
0.2392,2016-06-21 11:00
0.2392,2016-06-21 10:00
0.2392,2016-06-21 09:00
0.2392,2016-06-21 08:00
0.2392,2016-06-21 07:00
0.2391,2016-06-21 06:00
0.2391,2016-06-21 05:00
0.2391,2016-06-21 04:00
0.2391,2016-06-21 03:00
0.2390,2016-06-21 02:00
0.2390,2016-06-21 01:00
0.2390,2016-06-21 00:00
0.2390,2016-06-20 23:00
0.2389,2016-06-20 22:00
0.2389,2016-06-20 21:00
0.2389,2016-06-20 20:00
0.2389,2016-06-20 19:00
0.2388,2016-06-20 18:00
0.2388,2016-06-20 17:00
0.2388,2016-06-20 16:00
0.2388,2016-06-20 15:00
0.2387,2016-06-20 14:00
0.2387,2016-06-20 13:00
0.2387,2016-06-20 12:00
0.2386,2016-06-20 11:00
0.2386,2016-06-20 10:00
0.2386,2016-06-20 09:00
0.2386,2016-06-20 08:00
0.2385,2016-06-20 07:00
0.2385,2016-06-20 06:00
0.2385,2016-06-20 05:00
0.2384,2016-06-20 04:00
0.2384,2016-06-20 03:00
0.2384,2016-06-20 02:00
0.2383,2016-06-20 01:00
0.2383,2016-06-20 00:00
0.2383,2016-06-19 23:00
0.2382,2016-06-19 22:00
0.2382,2016-06-19 21:00
0.2382,2016-06-19 20:00
0.2381,2016-06-19 19:00
0.2381,2016-06-19 18:00
0.2380,2016-06-19 17:00
0.2380,2016-06-19 16:00
0.2380,2016-06-19 15:00
0.2379,2016-06-19 14:00
0.2379,2016-06-19 13:00
0.2378,2016-06-19 12:00
0.2378,2016-06-19 11:00
0.2378,2016-06-19 10:00
0.2377,2016-06-19 09:00
0.2377,2016-06-19 08:00
0.2376,2016-06-19 07:00
0.2376,2016-06-19 06:00
0.2376,2016-06-19 05:00
0.2375,2016-06-19 04:00
0.2375,2016-06-19 03:00
0.2374,2016-06-19 02:00
0.2374,2016-06-19 01:00
0.2373,2016-06-19 00:00
0.2373,2016-06-18 23:00
0.2372,2016-06-18 22:00
0.2372,2016-06-18 21:00
0.2371,2016-06-18 20:00
0.2371,2016-06-18 19:00
0.2371,2016-06-18 18:00
0.2370,2016-06-18 17:00
0.2370,2016-06-18 16:00
0.2369,2016-06-18 15:00
0.2369,2016-06-18 14:00
0.2368,2016-06-18 13:00
0.2368,2016-06-18 12:00
0.2367,2016-06-18 11:00
0.2366,2016-06-18 10:00
0.2366,2016-06-18 09:00
0.2365,2016-06-18 08:00
0.2365,2016-06-18 07:00
0.2364,2016-06-18 06:00
0.2364,2016-06-18 05:00
0.2363,2016-06-18 04:00
0.2363,2016-06-18 03:00
0.2362,2016-06-18 02:00
0.2362,2016-06-18 01:00
0.2361,2016-06-18 00:00
0.2361,2016-06-17 23:00
0.2360,2016-06-17 22:00
0.2360,2016-06-17 21:00
0.2359,2016-06-17 20:00
0.2359,2016-06-17 19:00
0.2358,2016-06-17 18:00
0.2358,2016-06-17 17:00
0.2358,2016-06-17 16:00
0.2358,2016-06-17 15:00
0.2358,2016-06-17 14:00
0.2358,2016-06-17 13:00
0.2359,2016-06-17 12:00
0.2359,2016-06-17 11:00
0.2360,2016-06-17 10:00
0.2362,2016-06-17 09:00
0.2364,2016-06-17 08:00
0.2367,2016-06-17 07:00
0.2371,2016-06-17 06:00
0.2377,2016-06-17 05:00
0.2383,2016-06-17 04:00
0.2392,2016-06-17 03:00
0.2402,2016-06-17 02:00
0.2416,2016-06-17 01:00
0.2433,2016-06-17 00:00
0.2453,2016-06-16 23:00
0.2479,2016-06-16 22:00
0.2511,2016-06-16 21:00
0.2549,2016-06-16 20:00
0.2596,2016-06-16 19:00
0.2653,2016-06-16 18:00
0.2721,2016-06-16 17:00
0.2803,2016-06-16 16:00
0.2902,2016-06-16 15:00
0.3019,2016-06-16 14:00
0.3158,2016-06-16 13:00
0.3324,2016-06-16 12:00
0.3520,2016-06-16 11:00
0.3752,2016-06-16 10:00
0.4025,2016-06-16 09:00
0.4348,2016-06-16 08:00
0.4729,2016-06-16 07:00
0.5178,2016-06-16 06:00
0.5708,2016-06-16 05:00
0.6333,2016-06-16 04:00
0.7071,2016-06-16 03:00
0.7944,2016-06-16 02:00
0.8978,2016-06-16 01:00
1.0203,2016-06-16 00:00
1.1658,2016-06-15 23:00
1.3387,2016-06-15 22:00
1.5447,2016-06-15 21:00
1.7905,2016-06-15 20:00
2.0843,2016-06-15 19:00
2.4359,2016-06-15 18:00
2.8571,2016-06-15 17:00
3.3616,2016-06-15 16:00
3.9651,2016-06-15 15:00
4.6839,2016-06-15 14:00
5.5320,2016-06-15 13:00
6.5156,2016-06-15 12:00
7.6216,2016-06-15 11:00
8.7987,2016-06-15 10:00
9.9344,2016-06-15 09:00
10.8376,2016-06-15 08:00
11.2556,2016-06-15 07:00
10.9477,2016-06-15 06:00
9.7945,2016-06-15 05:00
7.8783,2016-06-15 04:00
5.5567,2016-06-15 03:00
3.4658,2016-06-15 02:00
1.9903,2016-06-15 01:00
1.1719,2016-06-15 00:00
0.7453,2016-06-14 23:00
0.4265,2016-06-14 22:00
0.2786,2016-06-14 21:00
0.2758,2016-06-14 20:00
0.2874,2016-06-14 19:00
0.3015,2016-06-14 18:00
0.3183,2016-06-14 17:00
0.3381,2016-06-14 16:00
0.3608,2016-06-14 15:00
0.3866,2016-06-14 14:00
0.4149,2016-06-14 13:00
0.4448,2016-06-14 12:00
0.4742,2016-06-14 11:00
0.5000,2016-06-14 10:00
0.5172,2016-06-14 09:00
0.5198,2016-06-14 08:00
0.5026,2016-06-14 07:00
0.4649,2016-06-14 06:00
0.4132,2016-06-14 05:00
0.3581,2016-06-14 04:00
0.3051,2016-06-14 03:00
0.2577,2016-06-14 02:00
0.2359,2016-06-14 01:00
0.2378,2016-06-14 00:00
0.2404,2016-06-13 23:00
0.2438,2016-06-13 22:00
0.2482,2016-06-13 21:00
0.2540,2016-06-13 20:00
0.2615,2016-06-13 19:00
0.2712,2016-06-13 18:00
0.2835,2016-06-13 17:00
0.2992,2016-06-13 16:00
0.3190,2016-06-13 15:00
0.3440,2016-06-13 14:00
0.3755,2016-06-13 13:00
0.4148,2016-06-13 12:00
0.4641,2016-06-13 11:00
0.5255,2016-06-13 10:00
0.6019,2016-06-13 09:00
0.6968,2016-06-13 08:00
0.8138,2016-06-13 07:00
0.9569,2016-06-13 06:00
1.1293,2016-06-13 05:00
1.3321,2016-06-13 04:00
1.5616,2016-06-13 03:00
1.8053,2016-06-13 02:00
2.0367,2016-06-13 01:00
2.2121,2016-06-13 00:00
2.2755,2016-06-12 23:00
2.1772,2016-06-12 22:00
1.9046,2016-06-12 21:00
1.5071,2016-06-12 20:00
1.0844,2016-06-12 19:00
0.7219,2016-06-12 18:00
0.4438,2016-06-12 17:00
0.3058,2016-06-12 16:00
0.2743,2016-06-12 15:00
0.2655,2016-06-12 14:00
0.2575,2016-06-12 13:00
0.2502,2016-06-12 12:00
0.2443,2016-06-12 11:00
0.2370,2016-06-12 10:00
0.2318,2016-06-12 09:00
0.2326,2016-06-12 08:00
0.2339,2016-06-12 07:00
0.2358,2016-06-12 06:00
0.2383,2016-06-12 05:00
0.2417,2016-06-12 04:00
0.2461,2016-06-12 03:00
0.2519,2016-06-12 02:00
0.2594,2016-06-12 01:00
0.2691,2016-06-12 00:00
0.2814,2016-06-11 23:00
0.2969,2016-06-11 22:00
0.3160,2016-06-11 21:00
0.3392,2016-06-11 20:00
0.3672,2016-06-11 19:00
0.3999,2016-06-11 18:00
0.4374,2016-06-11 17:00
0.4787,2016-06-11 16:00
0.5221,2016-06-11 15:00
0.5646,2016-06-11 14:00
0.6017,2016-06-11 13:00
0.6278,2016-06-11 12:00
0.6373,2016-06-11 11:00
0.6262,2016-06-11 10:00
0.5941,2016-06-11 09:00
0.5456,2016-06-11 08:00
0.4878,2016-06-11 07:00
0.4232,2016-06-11 06:00
0.3578,2016-06-11 05:00
0.3074,2016-06-11 04:00
0.2620,2016-06-11 03:00
0.2288,2016-06-11 02:00
0.2288,2016-06-11 01:00
0.2289,2016-06-11 00:00
0.2289,2016-06-10 23:00
0.2290,2016-06-10 22:00
0.2291,2016-06-10 21:00
0.2292,2016-06-10 20:00
0.2294,2016-06-10 19:00
0.2297,2016-06-10 18:00
0.2300,2016-06-10 17:00
0.2305,2016-06-10 16:00
0.2311,2016-06-10 15:00
0.2320,2016-06-10 14:00
0.2332,2016-06-10 13:00
0.2348,2016-06-10 12:00
0.2369,2016-06-10 11:00
0.2396,2016-06-10 10:00
0.2431,2016-06-10 09:00
0.2475,2016-06-10 08:00
0.2531,2016-06-10 07:00
0.2599,2016-06-10 06:00
0.2681,2016-06-10 05:00
0.2778,2016-06-10 04:00
0.2889,2016-06-10 03:00
0.3015,2016-06-10 02:00
0.3150,2016-06-10 01:00
0.3292,2016-06-10 00:00
0.3432,2016-06-09 23:00
0.3559,2016-06-09 22:00
0.3663,2016-06-09 21:00
0.3728,2016-06-09 20:00
0.3742,2016-06-09 19:00
0.3697,2016-06-09 18:00
0.3598,2016-06-09 17:00
0.3460,2016-06-09 16:00
0.3300,2016-06-09 15:00
0.3080,2016-06-09 14:00
0.2799,2016-06-09 13:00
0.2602,2016-06-09 12:00
0.2500,2016-06-09 11:00
0.2456,2016-06-09 10:00
0.2407,2016-06-09 09:00
0.2350,2016-06-09 08:00
0.2308,2016-06-09 07:00
0.2288,2016-06-09 06:00
0.2288,2016-06-09 05:00
0.2288,2016-06-09 04:00
0.2288,2016-06-09 03:00
0.2288,2016-06-09 02:00
0.2288,2016-06-09 01:00
0.2288,2016-06-09 00:00
0.2288,2016-06-08 23:00
0.2288,2016-06-08 22:00
0.2288,2016-06-08 21:00
0.2288,2016-06-08 20:00
0.2288,2016-06-08 19:00
0.2288,2016-06-08 18:00
0.2288,2016-06-08 17:00
0.2288,2016-06-08 16:00
0.2288,2016-06-08 15:00
0.2288,2016-06-08 14:00
0.2288,2016-06-08 13:00
0.2288,2016-06-08 12:00
0.2288,2016-06-08 11:00
0.2288,2016-06-08 10:00
0.2288,2016-06-08 09:00
0.2288,2016-06-08 08:00
0.2288,2016-06-08 07:00
0.2288,2016-06-08 06:00
0.2288,2016-06-08 05:00
0.2288,2016-06-08 04:00
0.2288,2016-06-08 03:00
0.2288,2016-06-08 02:00
0.2287,2016-06-08 01:00
0.2287,2016-06-08 00:00
0.2287,2016-06-07 23:00
0.2287,2016-06-07 22:00
0.2287,2016-06-07 21:00
0.2287,2016-06-07 20:00
0.2287,2016-06-07 19:00
0.2287,2016-06-07 18:00
0.2287,2016-06-07 17:00
0.2287,2016-06-07 16:00
0.2287,2016-06-07 15:00
0.2287,2016-06-07 14:00
0.2286,2016-06-07 13:00
0.2286,2016-06-07 12:00
0.2286,2016-06-07 11:00
0.2286,2016-06-07 10:00
0.2286,2016-06-07 09:00
0.2286,2016-06-07 08:00
0.2286,2016-06-07 07:00
0.2286,2016-06-07 06:00
0.2286,2016-06-07 05:00
0.2287,2016-06-07 04:00
0.2287,2016-06-07 03:00
0.2288,2016-06-07 02:00
0.2289,2016-06-07 01:00
0.2290,2016-06-07 00:00
0.2292,2016-06-06 23:00
0.2294,2016-06-06 22:00
0.2297,2016-06-06 21:00
0.2301,2016-06-06 20:00
0.2306,2016-06-06 19:00
0.2313,2016-06-06 18:00
0.2320,2016-06-06 17:00
0.2329,2016-06-06 16:00
0.2338,2016-06-06 15:00
0.2348,2016-06-06 14:00
0.2357,2016-06-06 13:00
0.2365,2016-06-06 12:00
0.2371,2016-06-06 11:00
0.2373,2016-06-06 10:00
0.2371,2016-06-06 09:00
0.2365,2016-06-06 08:00
0.2356,2016-06-06 07:00
0.2345,2016-06-06 06:00
0.2335,2016-06-06 05:00
0.2330,2016-06-06 04:00
0.2331,2016-06-06 03:00
0.2341,2016-06-06 02:00
0.2360,2016-06-06 01:00
0.2388,2016-06-06 00:00
0.2425,2016-06-05 23:00
0.2474,2016-06-05 22:00
0.2538,2016-06-05 21:00
0.2619,2016-06-05 20:00
0.2723,2016-06-05 19:00
0.2853,2016-06-05 18:00
0.3014,2016-06-05 17:00
0.3211,2016-06-05 16:00
0.3446,2016-06-05 15:00
0.3724,2016-06-05 14:00
0.4044,2016-06-05 13:00
0.4402,2016-06-05 12:00
0.4787,2016-06-05 11:00
0.5182,2016-06-05 10:00
0.5557,2016-06-05 09:00
0.5876,2016-06-05 08:00
0.6093,2016-06-05 07:00
0.6166,2016-06-05 06:00
0.6066,2016-06-05 05:00
0.5794,2016-06-05 04:00
0.5369,2016-06-05 03:00
0.4881,2016-06-05 02:00
0.4425,2016-06-05 01:00
0.4027,2016-06-05 00:00
0.3895,2016-06-04 23:00
0.4031,2016-06-04 22:00
0.4441,2016-06-04 21:00
0.4907,2016-06-04 20:00
0.5418,2016-06-04 19:00
0.5950,2016-06-04 18:00
0.6463,2016-06-04 17:00
0.6902,2016-06-04 16:00
0.7200,2016-06-04 15:00
0.7292,2016-06-04 14:00
0.7132,2016-06-04 13:00
0.6717,2016-06-04 12:00
0.6100,2016-06-04 11:00
0.5379,2016-06-04 10:00
0.4625,2016-06-04 09:00
0.3793,2016-06-04 08:00
0.3035,2016-06-04 07:00
0.2592,2016-06-04 06:00
0.2353,2016-06-04 05:00
0.2279,2016-06-04 04:00
0.2272,2016-06-04 03:00
0.2272,2016-06-04 02:00
0.2272,2016-06-04 01:00
0.2272,2016-06-04 00:00
0.2272,2016-06-03 23:00
0.2272,2016-06-03 22:00
0.2272,2016-06-03 21:00
0.2272,2016-06-03 20:00
0.2272,2016-06-03 19:00
0.2272,2016-06-03 18:00
0.2272,2016-06-03 17:00
0.2272,2016-06-03 16:00
0.2272,2016-06-03 15:00
0.2272,2016-06-03 14:00
0.2272,2016-06-03 13:00
0.2272,2016-06-03 12:00
0.2272,2016-06-03 11:00
0.2272,2016-06-03 10:00
0.2272,2016-06-03 09:00
0.2272,2016-06-03 08:00
0.2272,2016-06-03 07:00
0.2272,2016-06-03 06:00
0.2272,2016-06-03 05:00
0.2272,2016-06-03 04:00
0.2272,2016-06-03 03:00
0.2271,2016-06-03 02:00
0.2271,2016-06-03 01:00
0.2271,2016-06-03 00:00
0.2271,2016-06-02 23:00
0.2271,2016-06-02 22:00
0.2271,2016-06-02 21:00
0.2271,2016-06-02 20:00
0.2271,2016-06-02 19:00
0.2271,2016-06-02 18:00
0.2271,2016-06-02 17:00
0.2272,2016-06-02 16:00
0.2272,2016-06-02 15:00
0.2272,2016-06-02 14:00
0.2273,2016-06-02 13:00
0.2274,2016-06-02 12:00
0.2275,2016-06-02 11:00
0.2278,2016-06-02 10:00
0.2280,2016-06-02 09:00
0.2284,2016-06-02 08:00
0.2290,2016-06-02 07:00
0.2297,2016-06-02 06:00
0.2308,2016-06-02 05:00
0.2322,2016-06-02 04:00
0.2341,2016-06-02 03:00
0.2367,2016-06-02 02:00
0.2402,2016-06-02 01:00
0.2447,2016-06-02 00:00
0.2507,2016-06-01 23:00
0.2584,2016-06-01 22:00
0.2683,2016-06-01 21:00
0.2809,2016-06-01 20:00
0.2966,2016-06-01 19:00
0.3161,2016-06-01 18:00
0.3399,2016-06-01 17:00
0.3685,2016-06-01 16:00
0.4023,2016-06-01 15:00
0.4413,2016-06-01 14:00
0.4850,2016-06-01 13:00
0.5320,2016-06-01 12:00
0.5799,2016-06-01 11:00
0.6247,2016-06-01 10:00
0.6606,2016-06-01 09:00
0.6810,2016-06-01 08:00
0.6792,2016-06-01 07:00
0.6515,2016-06-01 06:00
0.6003,2016-06-01 05:00
0.5339,2016-06-01 04:00
0.4666,2016-06-01 03:00
0.4001,2016-06-01 02:00
0.3301,2016-06-01 01:00
0.2881,2016-06-01 00:00
0.2779,2016-05-31 23:00
0.2906,2016-05-31 22:00
0.3052,2016-05-31 21:00
0.3216,2016-05-31 20:00
0.3391,2016-05-31 19:00
0.3570,2016-05-31 18:00
0.3744,2016-05-31 17:00
0.3898,2016-05-31 16:00
0.4018,2016-05-31 15:00
0.4090,2016-05-31 14:00
0.4104,2016-05-31 13:00
0.4048,2016-05-31 12:00
0.3919,2016-05-31 11:00
0.3722,2016-05-31 10:00
0.3485,2016-05-31 09:00
0.3237,2016-05-31 08:00
0.2948,2016-05-31 07:00
0.2614,2016-05-31 06:00
0.2373,2016-05-31 05:00
0.2272,2016-05-31 04:00
0.2261,2016-05-31 03:00
0.2261,2016-05-31 02:00
0.2261,2016-05-31 01:00
0.2261,2016-05-31 00:00
0.2261,2016-05-30 23:00
0.2262,2016-05-30 22:00
0.2262,2016-05-30 21:00
0.2262,2016-05-30 20:00
0.2263,2016-05-30 19:00
0.2264,2016-05-30 18:00
0.2265,2016-05-30 17:00
0.2267,2016-05-30 16:00
0.2270,2016-05-30 15:00
0.2273,2016-05-30 14:00
0.2278,2016-05-30 13:00
0.2284,2016-05-30 12:00
0.2293,2016-05-30 11:00
0.2303,2016-05-30 10:00
0.2316,2016-05-30 09:00
0.2331,2016-05-30 08:00
0.2349,2016-05-30 07:00
0.2368,2016-05-30 06:00
0.2388,2016-05-30 05:00
0.2406,2016-05-30 04:00
0.2423,2016-05-30 03:00
0.2438,2016-05-30 02:00
0.2454,2016-05-30 01:00
0.2476,2016-05-30 00:00
0.2504,2016-05-29 23:00
0.2494,2016-05-29 22:00
0.2418,2016-05-29 21:00
0.2455,2016-05-29 20:00
0.2501,2016-05-29 19:00
0.2555,2016-05-29 18:00
0.2620,2016-05-29 17:00
0.2697,2016-05-29 16:00
0.2788,2016-05-29 15:00
0.2892,2016-05-29 14:00
0.3007,2016-05-29 13:00
0.3131,2016-05-29 12:00
0.3257,2016-05-29 11:00
0.3378,2016-05-29 10:00
0.3487,2016-05-29 09:00
0.3576,2016-05-29 08:00
0.3642,2016-05-29 07:00
0.3683,2016-05-29 06:00
0.3701,2016-05-29 05:00
0.3687,2016-05-29 04:00
0.3625,2016-05-29 03:00
0.3508,2016-05-29 02:00
0.3397,2016-05-29 01:00
0.3301,2016-05-29 00:00
0.3203,2016-05-28 23:00
0.3018,2016-05-28 22:00
0.2850,2016-05-28 21:00
0.2921,2016-05-28 20:00
0.2991,2016-05-28 19:00
0.3060,2016-05-28 18:00
0.3127,2016-05-28 17:00
0.3192,2016-05-28 16:00
0.3254,2016-05-28 15:00
0.3312,2016-05-28 14:00
0.3364,2016-05-28 13:00
0.3399,2016-05-28 12:00
0.3413,2016-05-28 11:00
0.3430,2016-05-28 10:00
0.3436,2016-05-28 09:00
0.3415,2016-05-28 08:00
0.3392,2016-05-28 07:00
0.3368,2016-05-28 06:00
0.3330,2016-05-28 05:00
0.3263,2016-05-28 04:00
0.3166,2016-05-28 03:00
0.3043,2016-05-28 02:00
0.2910,2016-05-28 01:00
0.2783,2016-05-28 00:00
0.2650,2016-05-27 23:00
0.2501,2016-05-27 22:00
0.2519,2016-05-27 21:00
0.2533,2016-05-27 20:00
0.2541,2016-05-27 19:00
0.2543,2016-05-27 18:00
0.2536,2016-05-27 17:00
0.2522,2016-05-27 16:00
0.2499,2016-05-27 15:00
0.2474,2016-05-27 14:00
0.2450,2016-05-27 13:00
0.2423,2016-05-27 12:00
0.2377,2016-05-27 11:00
0.2347,2016-05-27 10:00
0.2372,2016-05-27 09:00
0.2409,2016-05-27 08:00
0.2455,2016-05-27 07:00
0.2511,2016-05-27 06:00
0.2578,2016-05-27 05:00
0.2656,2016-05-27 04:00
0.2744,2016-05-27 03:00
0.2840,2016-05-27 02:00
0.2938,2016-05-27 01:00
0.3033,2016-05-27 00:00
0.3117,2016-05-26 23:00
0.3181,2016-05-26 22:00
0.3219,2016-05-26 21:00
0.3228,2016-05-26 20:00
0.3208,2016-05-26 19:00
0.3164,2016-05-26 18:00
0.3100,2016-05-26 17:00
0.3020,2016-05-26 16:00
0.2933,2016-05-26 15:00
0.2852,2016-05-26 14:00
0.2776,2016-05-26 13:00
0.2654,2016-05-26 12:00
0.2475,2016-05-26 11:00
0.2520,2016-05-26 10:00
0.2568,2016-05-26 09:00
0.2615,2016-05-26 08:00
0.2657,2016-05-26 07:00
0.2692,2016-05-26 06:00
0.2715,2016-05-26 05:00
0.2723,2016-05-26 04:00
0.2716,2016-05-26 03:00
0.2695,2016-05-26 02:00
0.2664,2016-05-26 01:00
0.2623,2016-05-26 00:00
0.2575,2016-05-25 23:00
0.2520,2016-05-25 22:00
0.2464,2016-05-25 21:00
0.2410,2016-05-25 20:00
0.2349,2016-05-25 19:00
0.2283,2016-05-25 18:00
0.2275,2016-05-25 17:00
0.2267,2016-05-25 16:00
0.2267,2016-05-25 15:00
0.2268,2016-05-25 14:00
0.2268,2016-05-25 13:00
0.2269,2016-05-25 12:00
0.2269,2016-05-25 11:00
0.2269,2016-05-25 10:00
0.2270,2016-05-25 09:00
0.2270,2016-05-25 08:00
0.2270,2016-05-25 07:00
0.2271,2016-05-25 06:00
0.2271,2016-05-25 05:00
0.2272,2016-05-25 04:00
0.2272,2016-05-25 03:00
0.2272,2016-05-25 02:00
0.2273,2016-05-25 01:00
0.2273,2016-05-25 00:00
0.2273,2016-05-24 23:00
0.2274,2016-05-24 22:00
0.2274,2016-05-24 21:00
0.2275,2016-05-24 20:00
0.2275,2016-05-24 19:00
0.2275,2016-05-24 18:00
0.2276,2016-05-24 17:00
0.2276,2016-05-24 16:00
0.2276,2016-05-24 15:00
0.2277,2016-05-24 14:00
0.2277,2016-05-24 13:00
0.2277,2016-05-24 12:00
0.2278,2016-05-24 11:00
0.2278,2016-05-24 10:00
0.2278,2016-05-24 09:00
0.2279,2016-05-24 08:00
0.2279,2016-05-24 07:00
0.2279,2016-05-24 06:00
0.2280,2016-05-24 05:00
0.2280,2016-05-24 04:00
0.2281,2016-05-24 03:00
0.2281,2016-05-24 02:00
0.2281,2016-05-24 01:00
0.2282,2016-05-24 00:00
0.2282,2016-05-23 23:00
0.2282,2016-05-23 22:00
0.2283,2016-05-23 21:00
0.2283,2016-05-23 20:00
0.2283,2016-05-23 19:00
0.2284,2016-05-23 18:00
0.2284,2016-05-23 17:00
0.2284,2016-05-23 16:00
0.2285,2016-05-23 15:00
0.2285,2016-05-23 14:00
0.2285,2016-05-23 13:00
0.2286,2016-05-23 12:00
0.2286,2016-05-23 11:00
0.2286,2016-05-23 10:00
0.2286,2016-05-23 09:00
0.2287,2016-05-23 08:00
0.2287,2016-05-23 07:00
0.2287,2016-05-23 06:00
0.2288,2016-05-23 05:00
0.2288,2016-05-23 04:00
0.2288,2016-05-23 03:00
0.2289,2016-05-23 02:00
0.2289,2016-05-23 01:00
0.2289,2016-05-23 00:00
0.2290,2016-05-22 23:00
0.2290,2016-05-22 22:00
0.2290,2016-05-22 21:00
0.2291,2016-05-22 20:00
0.2291,2016-05-22 19:00
0.2291,2016-05-22 18:00
0.2291,2016-05-22 17:00
0.2292,2016-05-22 16:00
0.2292,2016-05-22 15:00
0.2292,2016-05-22 14:00
0.2293,2016-05-22 13:00
0.2293,2016-05-22 12:00
0.2293,2016-05-22 11:00
0.2294,2016-05-22 10:00
0.2294,2016-05-22 09:00
0.2294,2016-05-22 08:00
0.2294,2016-05-22 07:00
0.2295,2016-05-22 06:00
0.2295,2016-05-22 05:00
0.2295,2016-05-22 04:00
0.2296,2016-05-22 03:00
0.2296,2016-05-22 02:00
0.2296,2016-05-22 01:00
0.2296,2016-05-22 00:00
0.2297,2016-05-21 23:00
0.2297,2016-05-21 22:00
0.2297,2016-05-21 21:00
0.2297,2016-05-21 20:00
0.2298,2016-05-21 19:00
0.2298,2016-05-21 18:00
0.2298,2016-05-21 17:00
0.2299,2016-05-21 16:00
0.2299,2016-05-21 15:00
0.2299,2016-05-21 14:00
0.2299,2016-05-21 13:00
0.2300,2016-05-21 12:00
0.2300,2016-05-21 11:00
0.2300,2016-05-21 10:00
0.2300,2016-05-21 09:00
0.2301,2016-05-21 08:00
0.2301,2016-05-21 07:00
0.2301,2016-05-21 06:00
0.2301,2016-05-21 05:00
0.2302,2016-05-21 04:00
0.2302,2016-05-21 03:00
0.2302,2016-05-21 02:00
0.2302,2016-05-21 01:00
0.2303,2016-05-21 00:00
0.2303,2016-05-20 23:00
0.2303,2016-05-20 22:00
0.2303,2016-05-20 21:00
0.2304,2016-05-20 20:00
0.2304,2016-05-20 19:00
0.2304,2016-05-20 18:00
0.2304,2016-05-20 17:00
0.2305,2016-05-20 16:00
0.2305,2016-05-20 15:00
0.2305,2016-05-20 14:00
0.2305,2016-05-20 13:00
0.2305,2016-05-20 12:00
0.2306,2016-05-20 11:00
0.2306,2016-05-20 10:00
0.2306,2016-05-20 09:00
0.2306,2016-05-20 08:00
0.2307,2016-05-20 07:00
0.2307,2016-05-20 06:00
0.2307,2016-05-20 05:00
0.2307,2016-05-20 04:00
0.2307,2016-05-20 03:00
0.2308,2016-05-20 02:00
0.2308,2016-05-20 01:00
0.2308,2016-05-20 00:00
0.2308,2016-05-19 23:00
0.2308,2016-05-19 22:00
0.2309,2016-05-19 21:00
0.2309,2016-05-19 20:00
0.2309,2016-05-19 19:00
0.2309,2016-05-19 18:00
0.2309,2016-05-19 17:00
0.2310,2016-05-19 16:00
0.2310,2016-05-19 15:00
0.2310,2016-05-19 14:00
0.2310,2016-05-19 13:00
0.2310,2016-05-19 12:00
0.2311,2016-05-19 11:00
0.2311,2016-05-19 10:00
0.2311,2016-05-19 09:00
0.2311,2016-05-19 08:00
0.2311,2016-05-19 07:00
0.2312,2016-05-19 06:00
0.2312,2016-05-19 05:00
0.2312,2016-05-19 04:00
0.2312,2016-05-19 03:00
0.2312,2016-05-19 02:00
0.2312,2016-05-19 01:00
0.2313,2016-05-19 00:00
0.2313,2016-05-18 23:00
0.2313,2016-05-18 22:00
0.2314,2016-05-18 21:00
0.2314,2016-05-18 20:00
0.2314,2016-05-18 19:00
0.2315,2016-05-18 18:00
0.2315,2016-05-18 17:00
0.2316,2016-05-18 16:00
0.2317,2016-05-18 15:00
0.2319,2016-05-18 14:00
0.2321,2016-05-18 13:00
0.2323,2016-05-18 12:00
0.2327,2016-05-18 11:00
0.2331,2016-05-18 10:00
0.2337,2016-05-18 09:00
0.2345,2016-05-18 08:00
0.2354,2016-05-18 07:00
0.2366,2016-05-18 06:00
0.2381,2016-05-18 05:00
0.2399,2016-05-18 04:00
0.2419,2016-05-18 03:00
0.2443,2016-05-18 02:00
0.2470,2016-05-18 01:00
0.2499,2016-05-18 00:00
0.2529,2016-05-17 23:00
0.2560,2016-05-17 22:00
0.2589,2016-05-17 21:00
0.2615,2016-05-17 20:00
0.2634,2016-05-17 19:00
0.2642,2016-05-17 18:00
0.2637,2016-05-17 17:00
0.2616,2016-05-17 16:00
0.2579,2016-05-17 15:00
0.2533,2016-05-17 14:00
0.2482,2016-05-17 13:00
0.2422,2016-05-17 12:00
0.2356,2016-05-17 11:00
0.2339,2016-05-17 10:00
0.2338,2016-05-17 09:00
0.2338,2016-05-17 08:00
0.2338,2016-05-17 07:00
0.2338,2016-05-17 06:00
0.2338,2016-05-17 05:00
0.2337,2016-05-17 04:00
0.2334,2016-05-17 03:00
0.2331,2016-05-17 02:00
0.2327,2016-05-17 01:00
0.2322,2016-05-17 00:00
0.2320,2016-05-16 23:00
0.2320,2016-05-16 22:00
0.2320,2016-05-16 21:00
0.2320,2016-05-16 20:00
0.2320,2016-05-16 19:00
0.2320,2016-05-16 18:00
0.2320,2016-05-16 17:00
0.2320,2016-05-16 16:00
0.2321,2016-05-16 15:00
0.2321,2016-05-16 14:00
0.2321,2016-05-16 13:00
0.2321,2016-05-16 12:00
0.2321,2016-05-16 11:00
0.2321,2016-05-16 10:00
0.2321,2016-05-16 09:00
0.2321,2016-05-16 08:00
0.2321,2016-05-16 07:00
0.2322,2016-05-16 06:00
0.2322,2016-05-16 05:00
0.2322,2016-05-16 04:00
0.2322,2016-05-16 03:00
0.2322,2016-05-16 02:00
0.2322,2016-05-16 01:00
0.2322,2016-05-16 00:00
0.2322,2016-05-15 23:00
0.2322,2016-05-15 22:00
0.2322,2016-05-15 21:00
0.2322,2016-05-15 20:00
0.2323,2016-05-15 19:00
0.2323,2016-05-15 18:00
0.2323,2016-05-15 17:00
0.2323,2016-05-15 16:00
0.2323,2016-05-15 15:00
0.2323,2016-05-15 14:00
0.2323,2016-05-15 13:00
0.2323,2016-05-15 12:00
0.2323,2016-05-15 11:00
0.2324,2016-05-15 10:00
0.2324,2016-05-15 09:00
0.2324,2016-05-15 08:00
0.2325,2016-05-15 07:00
0.2325,2016-05-15 06:00
0.2326,2016-05-15 05:00
0.2327,2016-05-15 04:00
0.2329,2016-05-15 03:00
0.2331,2016-05-15 02:00
0.2334,2016-05-15 01:00
0.2338,2016-05-15 00:00
0.2343,2016-05-14 23:00
0.2351,2016-05-14 22:00
0.2360,2016-05-14 21:00
0.2373,2016-05-14 20:00
0.2390,2016-05-14 19:00
0.2411,2016-05-14 18:00
0.2438,2016-05-14 17:00
0.2472,2016-05-14 16:00
0.2512,2016-05-14 15:00
0.2560,2016-05-14 14:00
0.2615,2016-05-14 13:00
0.2677,2016-05-14 12:00
0.2743,2016-05-14 11:00
0.2811,2016-05-14 10:00
0.2879,2016-05-14 09:00
0.2940,2016-05-14 08:00
0.2990,2016-05-14 07:00
0.3024,2016-05-14 06:00
0.3038,2016-05-14 05:00
0.3027,2016-05-14 04:00
0.2989,2016-05-14 03:00
0.2927,2016-05-14 02:00
0.2848,2016-05-14 01:00
0.2761,2016-05-14 00:00
0.2663,2016-05-13 23:00
0.2538,2016-05-13 22:00
0.2419,2016-05-13 21:00
0.2359,2016-05-13 20:00
0.2325,2016-05-13 19:00
0.2325,2016-05-13 18:00
0.2325,2016-05-13 17:00
0.2325,2016-05-13 16:00
0.2325,2016-05-13 15:00
0.2325,2016-05-13 14:00
0.2325,2016-05-13 13:00
0.2325,2016-05-13 12:00
0.2325,2016-05-13 11:00
0.2326,2016-05-13 10:00
0.2326,2016-05-13 09:00
0.2326,2016-05-13 08:00
0.2326,2016-05-13 07:00
0.2326,2016-05-13 06:00
0.2326,2016-05-13 05:00
0.2326,2016-05-13 04:00
0.2327,2016-05-13 03:00
0.2327,2016-05-13 02:00
0.2328,2016-05-13 01:00
0.2329,2016-05-13 00:00
0.2330,2016-05-12 23:00
0.2331,2016-05-12 22:00
0.2333,2016-05-12 21:00
0.2335,2016-05-12 20:00
0.2337,2016-05-12 19:00
0.2340,2016-05-12 18:00
0.2344,2016-05-12 17:00
0.2348,2016-05-12 16:00
0.2352,2016-05-12 15:00
0.2356,2016-05-12 14:00
0.2360,2016-05-12 13:00
0.2364,2016-05-12 12:00
0.2366,2016-05-12 11:00
0.2368,2016-05-12 10:00
0.2368,2016-05-12 09:00
0.2368,2016-05-12 08:00
0.2366,2016-05-12 07:00
0.2363,2016-05-12 06:00
0.2360,2016-05-12 05:00
0.2356,2016-05-12 04:00
0.2351,2016-05-12 03:00
0.2347,2016-05-12 02:00
0.2343,2016-05-12 01:00
0.2340,2016-05-12 00:00
0.2336,2016-05-11 23:00
0.2332,2016-05-11 22:00
0.2327,2016-05-11 21:00
0.2327,2016-05-11 20:00
0.2328,2016-05-11 19:00
0.2329,2016-05-11 18:00
0.2330,2016-05-11 17:00
0.2331,2016-05-11 16:00
0.2333,2016-05-11 15:00
0.2335,2016-05-11 14:00
0.2339,2016-05-11 13:00
0.2344,2016-05-11 12:00
0.2351,2016-05-11 11:00
0.2361,2016-05-11 10:00
0.2374,2016-05-11 09:00
0.2391,2016-05-11 08:00
0.2413,2016-05-11 07:00
0.2443,2016-05-11 06:00
0.2482,2016-05-11 05:00
0.2531,2016-05-11 04:00
0.2592,2016-05-11 03:00
0.2669,2016-05-11 02:00
0.2762,2016-05-11 01:00
0.2874,2016-05-11 00:00
0.3005,2016-05-10 23:00
0.3156,2016-05-10 22:00
0.3324,2016-05-10 21:00
0.3506,2016-05-10 20:00
0.3696,2016-05-10 19:00
0.3883,2016-05-10 18:00
0.4053,2016-05-10 17:00
0.4189,2016-05-10 16:00
0.4273,2016-05-10 15:00
0.4287,2016-05-10 14:00
0.4225,2016-05-10 13:00
0.4093,2016-05-10 12:00
0.3902,2016-05-10 11:00
0.3660,2016-05-10 10:00
0.3402,2016-05-10 09:00
0.3118,2016-05-10 08:00
0.2892,2016-05-10 07:00
0.2759,2016-05-10 06:00
0.2688,2016-05-10 05:00
0.2636,2016-05-10 04:00
0.2587,2016-05-10 03:00
0.2520,2016-05-10 02:00
0.2429,2016-05-10 01:00
0.2393,2016-05-10 00:00
0.2382,2016-05-09 23:00
0.2366,2016-05-09 22:00
0.2339,2016-05-09 21:00
0.2328,2016-05-09 20:00
0.2328,2016-05-09 19:00
0.2328,2016-05-09 18:00
0.2328,2016-05-09 17:00
0.2328,2016-05-09 16:00
0.2328,2016-05-09 15:00
0.2328,2016-05-09 14:00
0.2329,2016-05-09 13:00
0.2329,2016-05-09 12:00
0.2329,2016-05-09 11:00
0.2329,2016-05-09 10:00
0.2329,2016-05-09 09:00
0.2329,2016-05-09 08:00
0.2329,2016-05-09 07:00
0.2329,2016-05-09 06:00
0.2330,2016-05-09 05:00
0.2330,2016-05-09 04:00
0.2330,2016-05-09 03:00
0.2330,2016-05-09 02:00
0.2330,2016-05-09 01:00
0.2330,2016-05-09 00:00
0.2330,2016-05-08 23:00
0.2330,2016-05-08 22:00
0.2331,2016-05-08 21:00
0.2331,2016-05-08 20:00
0.2331,2016-05-08 19:00
0.2331,2016-05-08 18:00
0.2332,2016-05-08 17:00
0.2332,2016-05-08 16:00
0.2332,2016-05-08 15:00
0.2333,2016-05-08 14:00
0.2334,2016-05-08 13:00
0.2335,2016-05-08 12:00
0.2336,2016-05-08 11:00
0.2338,2016-05-08 10:00
0.2340,2016-05-08 09:00
0.2343,2016-05-08 08:00
0.2347,2016-05-08 07:00
0.2352,2016-05-08 06:00
0.2358,2016-05-08 05:00
0.2366,2016-05-08 04:00
0.2375,2016-05-08 03:00
0.2387,2016-05-08 02:00
0.2400,2016-05-08 01:00
0.2416,2016-05-08 00:00
0.2434,2016-05-07 23:00
0.2453,2016-05-07 22:00
0.2474,2016-05-07 21:00
0.2494,2016-05-07 20:00
0.2513,2016-05-07 19:00
0.2529,2016-05-07 18:00
0.2539,2016-05-07 17:00
0.2542,2016-05-07 16:00
0.2537,2016-05-07 15:00
0.2524,2016-05-07 14:00
0.2501,2016-05-07 13:00
0.2463,2016-05-07 12:00
0.2434,2016-05-07 11:00
0.2404,2016-05-07 10:00
0.2386,2016-05-07 09:00
0.2371,2016-05-07 08:00
0.2363,2016-05-07 07:00
0.2357,2016-05-07 06:00
0.2347,2016-05-07 05:00
0.2333,2016-05-07 04:00
0.2333,2016-05-07 03:00
0.2334,2016-05-07 02:00
0.2334,2016-05-07 01:00
0.2334,2016-05-07 00:00
0.2334,2016-05-06 23:00
0.2334,2016-05-06 22:00
0.2334,2016-05-06 21:00
0.2334,2016-05-06 20:00
0.2334,2016-05-06 19:00
0.2334,2016-05-06 18:00
0.2334,2016-05-06 17:00
0.2334,2016-05-06 16:00
0.2334,2016-05-06 15:00
0.2334,2016-05-06 14:00
0.2334,2016-05-06 13:00
0.2334,2016-05-06 12:00
0.2334,2016-05-06 11:00
0.2334,2016-05-06 10:00
0.2334,2016-05-06 09:00
0.2334,2016-05-06 08:00
0.2334,2016-05-06 07:00
0.2334,2016-05-06 06:00
0.2334,2016-05-06 05:00
0.2334,2016-05-06 04:00
0.2334,2016-05-06 03:00
0.2334,2016-05-06 02:00
0.2334,2016-05-06 01:00
0.2334,2016-05-06 00:00
0.2334,2016-05-05 23:00
0.2334,2016-05-05 22:00
0.2334,2016-05-05 21:00
0.2334,2016-05-05 20:00
0.2334,2016-05-05 19:00
0.2334,2016-05-05 18:00
0.2334,2016-05-05 17:00
0.2335,2016-05-05 16:00
0.2335,2016-05-05 15:00
0.2335,2016-05-05 14:00
0.2336,2016-05-05 13:00
0.2337,2016-05-05 12:00
0.2338,2016-05-05 11:00
0.2339,2016-05-05 10:00
0.2341,2016-05-05 09:00
0.2344,2016-05-05 08:00
0.2348,2016-05-05 07:00
0.2354,2016-05-05 06:00
0.2362,2016-05-05 05:00
0.2372,2016-05-05 04:00
0.2385,2016-05-05 03:00
0.2402,2016-05-05 02:00
0.2425,2016-05-05 01:00
0.2453,2016-05-05 00:00
0.2488,2016-05-04 23:00
0.2531,2016-05-04 22:00
0.2582,2016-05-04 21:00
0.2640,2016-05-04 20:00
0.2707,2016-05-04 19:00
0.2779,2016-05-04 18:00
0.2855,2016-05-04 17:00
0.2931,2016-05-04 16:00
0.3004,2016-05-04 15:00
0.3068,2016-05-04 14:00
0.3119,2016-05-04 13:00
0.3150,2016-05-04 12:00
0.3155,2016-05-04 11:00
0.3127,2016-05-04 10:00
0.3064,2016-05-04 09:00
0.2976,2016-05-04 08:00
0.2878,2016-05-04 07:00
0.2777,2016-05-04 06:00
0.2609,2016-05-04 05:00
0.2371,2016-05-04 04:00
0.2332,2016-05-04 03:00
0.2332,2016-05-04 02:00
0.2332,2016-05-04 01:00
0.2332,2016-05-04 00:00
0.2332,2016-05-03 23:00
0.2332,2016-05-03 22:00
0.2332,2016-05-03 21:00
0.2332,2016-05-03 20:00
0.2332,2016-05-03 19:00
0.2332,2016-05-03 18:00
0.2332,2016-05-03 17:00
0.2332,2016-05-03 16:00
0.2332,2016-05-03 15:00
0.2332,2016-05-03 14:00
0.2332,2016-05-03 13:00
0.2332,2016-05-03 12:00
0.2332,2016-05-03 11:00
0.2333,2016-05-03 10:00
0.2334,2016-05-03 09:00
0.2335,2016-05-03 08:00
0.2336,2016-05-03 07:00
0.2338,2016-05-03 06:00
0.2341,2016-05-03 05:00
0.2346,2016-05-03 04:00
0.2352,2016-05-03 03:00
0.2360,2016-05-03 02:00
0.2371,2016-05-03 01:00
0.2385,2016-05-03 00:00
0.2404,2016-05-02 23:00
0.2430,2016-05-02 22:00
0.2462,2016-05-02 21:00
0.2504,2016-05-02 20:00
0.2555,2016-05-02 19:00
0.2618,2016-05-02 18:00
0.2693,2016-05-02 17:00
0.2781,2016-05-02 16:00
0.2881,2016-05-02 15:00
0.2990,2016-05-02 14:00
0.3104,2016-05-02 13:00
0.3216,2016-05-02 12:00
0.3320,2016-05-02 11:00
0.3404,2016-05-02 10:00
0.3459,2016-05-02 09:00
0.3477,2016-05-02 08:00
0.3452,2016-05-02 07:00
0.3387,2016-05-02 06:00
0.3290,2016-05-02 05:00
0.3172,2016-05-02 04:00
0.3042,2016-05-02 03:00
0.2892,2016-05-02 02:00
0.2725,2016-05-02 01:00
0.2609,2016-05-02 00:00
0.2530,2016-05-01 23:00
0.2460,2016-05-01 22:00
0.2416,2016-05-01 21:00
0.2444,2016-05-01 20:00
0.2483,2016-05-01 19:00
0.2533,2016-05-01 18:00
0.2597,2016-05-01 17:00
0.2676,2016-05-01 16:00
0.2773,2016-05-01 15:00
0.2891,2016-05-01 14:00
0.3030,2016-05-01 13:00
0.3190,2016-05-01 12:00
0.3369,2016-05-01 11:00
0.3565,2016-05-01 10:00
0.3769,2016-05-01 09:00
0.3972,2016-05-01 08:00
0.4159,2016-05-01 07:00
0.4314,2016-05-01 06:00
0.4421,2016-05-01 05:00
0.4460,2016-05-01 04:00
0.4421,2016-05-01 03:00
0.4299,2016-05-01 02:00
0.4106,2016-05-01 01:00
0.3855,2016-05-01 00:00
0.3557,2016-04-30 23:00
0.3226,2016-04-30 22:00
0.2897,2016-04-30 21:00
0.2665,2016-04-30 20:00
0.2534,2016-04-30 19:00
0.2453,2016-04-30 18:00
0.2388,2016-04-30 17:00
0.2345,2016-04-30 16:00
0.2328,2016-04-30 15:00
0.2328,2016-04-30 14:00
0.2328,2016-04-30 13:00
0.2329,2016-04-30 12:00
0.2329,2016-04-30 11:00
0.2329,2016-04-30 10:00
0.2329,2016-04-30 09:00
0.2329,2016-04-30 08:00
0.2329,2016-04-30 07:00
0.2329,2016-04-30 06:00
0.2329,2016-04-30 05:00
0.2330,2016-04-30 04:00
0.2330,2016-04-30 03:00
0.2330,2016-04-30 02:00
0.2330,2016-04-30 01:00
0.2330,2016-04-30 00:00
0.2331,2016-04-29 23:00
0.2331,2016-04-29 22:00
0.2332,2016-04-29 21:00
0.2332,2016-04-29 20:00
0.2333,2016-04-29 19:00
0.2334,2016-04-29 18:00
0.2336,2016-04-29 17:00
0.2338,2016-04-29 16:00
0.2340,2016-04-29 15:00
0.2342,2016-04-29 14:00
0.2346,2016-04-29 13:00
0.2349,2016-04-29 12:00
0.2352,2016-04-29 11:00
0.2356,2016-04-29 10:00
0.2358,2016-04-29 09:00
0.2360,2016-04-29 08:00
0.2360,2016-04-29 07:00
0.2360,2016-04-29 06:00
0.2360,2016-04-29 05:00
0.2360,2016-04-29 04:00
0.2360,2016-04-29 03:00
0.2365,2016-04-29 02:00
0.2373,2016-04-29 01:00
0.2383,2016-04-29 00:00
0.2394,2016-04-28 23:00
0.2407,2016-04-28 22:00
0.2421,2016-04-28 21:00
0.2437,2016-04-28 20:00
0.2455,2016-04-28 19:00
0.2476,2016-04-28 18:00
0.2499,2016-04-28 17:00
0.2525,2016-04-28 16:00
0.2556,2016-04-28 15:00
0.2591,2016-04-28 14:00
0.2633,2016-04-28 13:00
0.2682,2016-04-28 12:00
0.2733,2016-04-28 11:00
0.2787,2016-04-28 10:00
0.2858,2016-04-28 09:00
0.2932,2016-04-28 08:00
0.2999,2016-04-28 07:00
0.3052,2016-04-28 06:00
0.3115,2016-04-28 05:00
0.3162,2016-04-28 04:00
0.3188,2016-04-28 03:00
0.3189,2016-04-28 02:00
0.3160,2016-04-28 01:00
0.3099,2016-04-28 00:00
0.3013,2016-04-27 23:00
0.2910,2016-04-27 22:00
0.2787,2016-04-27 21:00
0.2636,2016-04-27 20:00
0.2484,2016-04-27 19:00
0.2369,2016-04-27 18:00
0.2334,2016-04-27 17:00
0.2335,2016-04-27 16:00
0.2335,2016-04-27 15:00
0.2335,2016-04-27 14:00
0.2335,2016-04-27 13:00
0.2335,2016-04-27 12:00
0.2336,2016-04-27 11:00
0.2336,2016-04-27 10:00
0.2336,2016-04-27 09:00
0.2336,2016-04-27 08:00
0.2336,2016-04-27 07:00
0.2337,2016-04-27 06:00
0.2337,2016-04-27 05:00
0.2337,2016-04-27 04:00
0.2337,2016-04-27 03:00
0.2337,2016-04-27 02:00
0.2337,2016-04-27 01:00
0.2338,2016-04-27 00:00
0.2338,2016-04-26 23:00
0.2338,2016-04-26 22:00
0.2338,2016-04-26 21:00
0.2338,2016-04-26 20:00
0.2338,2016-04-26 19:00
0.2339,2016-04-26 18:00
0.2339,2016-04-26 17:00
0.2339,2016-04-26 16:00
0.2339,2016-04-26 15:00
0.2339,2016-04-26 14:00
0.2339,2016-04-26 13:00
0.2340,2016-04-26 12:00
0.2340,2016-04-26 11:00
0.2340,2016-04-26 10:00
0.2340,2016-04-26 09:00
0.2340,2016-04-26 08:00
0.2340,2016-04-26 07:00
0.2341,2016-04-26 06:00
0.2341,2016-04-26 05:00
0.2341,2016-04-26 04:00
0.2341,2016-04-26 03:00
0.2341,2016-04-26 02:00
0.2341,2016-04-26 01:00
0.2342,2016-04-26 00:00
0.2342,2016-04-25 23:00
0.2342,2016-04-25 22:00
0.2342,2016-04-25 21:00
0.2342,2016-04-25 20:00
0.2343,2016-04-25 19:00
0.2343,2016-04-25 18:00
0.2343,2016-04-25 17:00
0.2344,2016-04-25 16:00
0.2345,2016-04-25 15:00
0.2345,2016-04-25 14:00
0.2347,2016-04-25 13:00
0.2348,2016-04-25 12:00
0.2350,2016-04-25 11:00
0.2352,2016-04-25 10:00
0.2356,2016-04-25 09:00
0.2360,2016-04-25 08:00
0.2365,2016-04-25 07:00
0.2371,2016-04-25 06:00
0.2379,2016-04-25 05:00
0.2388,2016-04-25 04:00
0.2398,2016-04-25 03:00
0.2410,2016-04-25 02:00
0.2423,2016-04-25 01:00
0.2435,2016-04-25 00:00
0.2448,2016-04-24 23:00
0.2460,2016-04-24 22:00
0.2470,2016-04-24 21:00
0.2478,2016-04-24 20:00
0.2482,2016-04-24 19:00
0.2484,2016-04-24 18:00
0.2481,2016-04-24 17:00
0.2473,2016-04-24 16:00
0.2460,2016-04-24 15:00
0.2444,2016-04-24 14:00
0.2427,2016-04-24 13:00
0.2410,2016-04-24 12:00
0.2397,2016-04-24 11:00
0.2377,2016-04-24 10:00
0.2347,2016-04-24 09:00
0.2347,2016-04-24 08:00
0.2347,2016-04-24 07:00
0.2347,2016-04-24 06:00
0.2347,2016-04-24 05:00
0.2347,2016-04-24 04:00
0.2347,2016-04-24 03:00
0.2347,2016-04-24 02:00
0.2347,2016-04-24 01:00
0.2348,2016-04-24 00:00
0.2348,2016-04-23 23:00
0.2348,2016-04-23 22:00
0.2348,2016-04-23 21:00
0.2348,2016-04-23 20:00
0.2348,2016-04-23 19:00
0.2348,2016-04-23 18:00
0.2348,2016-04-23 17:00
0.2348,2016-04-23 16:00
0.2349,2016-04-23 15:00
0.2349,2016-04-23 14:00
0.2349,2016-04-23 13:00
0.2349,2016-04-23 12:00
0.2349,2016-04-23 11:00
0.2349,2016-04-23 10:00
0.2349,2016-04-23 09:00
0.2350,2016-04-23 08:00
0.2350,2016-04-23 07:00
0.2350,2016-04-23 06:00
0.2351,2016-04-23 05:00
0.2351,2016-04-23 04:00
0.2352,2016-04-23 03:00
0.2353,2016-04-23 02:00
0.2354,2016-04-23 01:00
0.2355,2016-04-23 00:00
0.2357,2016-04-22 23:00
0.2360,2016-04-22 22:00
0.2363,2016-04-22 21:00
0.2367,2016-04-22 20:00
0.2372,2016-04-22 19:00
0.2379,2016-04-22 18:00
0.2387,2016-04-22 17:00
0.2396,2016-04-22 16:00
0.2407,2016-04-22 15:00
0.2420,2016-04-22 14:00
0.2434,2016-04-22 13:00
0.2450,2016-04-22 12:00
0.2467,2016-04-22 11:00
0.2484,2016-04-22 10:00
0.2503,2016-04-22 09:00
0.2521,2016-04-22 08:00
0.2538,2016-04-22 07:00
0.2551,2016-04-22 06:00
0.2558,2016-04-22 05:00
0.2558,2016-04-22 04:00
0.2551,2016-04-22 03:00
0.2541,2016-04-22 02:00
0.2529,2016-04-22 01:00
0.2489,2016-04-22 00:00
0.2422,2016-04-21 23:00
0.2402,2016-04-21 22:00
0.2415,2016-04-21 21:00
0.2431,2016-04-21 20:00
0.2448,2016-04-21 19:00
0.2469,2016-04-21 18:00
0.2494,2016-04-21 17:00
0.2522,2016-04-21 16:00
0.2554,2016-04-21 15:00
0.2591,2016-04-21 14:00
0.2630,2016-04-21 13:00
0.2668,2016-04-21 12:00
0.2706,2016-04-21 11:00
0.2739,2016-04-21 10:00
0.2765,2016-04-21 09:00
0.2783,2016-04-21 08:00
0.2791,2016-04-21 07:00
0.2789,2016-04-21 06:00
0.2777,2016-04-21 05:00
0.2751,2016-04-21 04:00
0.2712,2016-04-21 03:00
0.2655,2016-04-21 02:00
0.2616,2016-04-21 01:00
0.2571,2016-04-21 00:00
0.2521,2016-04-20 23:00
0.2461,2016-04-20 22:00
0.2394,2016-04-20 21:00
0.2367,2016-04-20 20:00
0.2371,2016-04-20 19:00
0.2378,2016-04-20 18:00
0.2386,2016-04-20 17:00
0.2397,2016-04-20 16:00
0.2411,2016-04-20 15:00
0.2429,2016-04-20 14:00
0.2451,2016-04-20 13:00
0.2479,2016-04-20 12:00
0.2512,2016-04-20 11:00
0.2550,2016-04-20 10:00
0.2595,2016-04-20 09:00
0.2645,2016-04-20 08:00
0.2700,2016-04-20 07:00
0.2760,2016-04-20 06:00
0.2823,2016-04-20 05:00
0.2887,2016-04-20 04:00
0.2951,2016-04-20 03:00
0.3012,2016-04-20 02:00
0.3066,2016-04-20 01:00
0.3108,2016-04-20 00:00
0.3135,2016-04-19 23:00
0.3145,2016-04-19 22:00
0.3139,2016-04-19 21:00
0.3113,2016-04-19 20:00
0.3061,2016-04-19 19:00
0.3001,2016-04-19 18:00
0.2945,2016-04-19 17:00
0.2890,2016-04-19 16:00
0.2835,2016-04-19 15:00
0.2751,2016-04-19 14:00
0.2649,2016-04-19 13:00
0.2600,2016-04-19 12:00
0.2569,2016-04-19 11:00
0.2532,2016-04-19 10:00
0.2493,2016-04-19 09:00
0.2463,2016-04-19 08:00
0.2429,2016-04-19 07:00
0.2395,2016-04-19 06:00
0.2370,2016-04-19 05:00
0.2366,2016-04-19 04:00
0.2363,2016-04-19 03:00
0.2364,2016-04-19 02:00
0.2364,2016-04-19 01:00
0.2364,2016-04-19 00:00
0.2365,2016-04-18 23:00
0.2365,2016-04-18 22:00
0.2366,2016-04-18 21:00
0.2366,2016-04-18 20:00
0.2366,2016-04-18 19:00
0.2367,2016-04-18 18:00
0.2367,2016-04-18 17:00
0.2367,2016-04-18 16:00
0.2368,2016-04-18 15:00
0.2368,2016-04-18 14:00
0.2368,2016-04-18 13:00
0.2369,2016-04-18 12:00
0.2369,2016-04-18 11:00
0.2369,2016-04-18 10:00
0.2370,2016-04-18 09:00
0.2370,2016-04-18 08:00
0.2370,2016-04-18 07:00
0.2371,2016-04-18 06:00
0.2371,2016-04-18 05:00
0.2371,2016-04-18 04:00
0.2372,2016-04-18 03:00
0.2372,2016-04-18 02:00
0.2372,2016-04-18 01:00
0.2373,2016-04-18 00:00
0.2373,2016-04-17 23:00
0.2373,2016-04-17 22:00
0.2374,2016-04-17 21:00
0.2374,2016-04-17 20:00
0.2374,2016-04-17 19:00
0.2375,2016-04-17 18:00
0.2375,2016-04-17 17:00
0.2375,2016-04-17 16:00
0.2376,2016-04-17 15:00
0.2376,2016-04-17 14:00
0.2376,2016-04-17 13:00
0.2377,2016-04-17 12:00
0.2377,2016-04-17 11:00
0.2377,2016-04-17 10:00
0.2378,2016-04-17 09:00
0.2378,2016-04-17 08:00
0.2378,2016-04-17 07:00
0.2379,2016-04-17 06:00
0.2379,2016-04-17 05:00
0.2379,2016-04-17 04:00
0.2379,2016-04-17 03:00
0.2380,2016-04-17 02:00
0.2380,2016-04-17 01:00
0.2380,2016-04-17 00:00
0.2381,2016-04-16 23:00
0.2381,2016-04-16 22:00
0.2381,2016-04-16 21:00
0.2382,2016-04-16 20:00
0.2382,2016-04-16 19:00
0.2382,2016-04-16 18:00
0.2383,2016-04-16 17:00
0.2383,2016-04-16 16:00
0.2383,2016-04-16 15:00
0.2384,2016-04-16 14:00
0.2384,2016-04-16 13:00
0.2384,2016-04-16 12:00
0.2384,2016-04-16 11:00
0.2385,2016-04-16 10:00
0.2385,2016-04-16 09:00
0.2385,2016-04-16 08:00
0.2386,2016-04-16 07:00
0.2386,2016-04-16 06:00
0.2386,2016-04-16 05:00
0.2387,2016-04-16 04:00
0.2387,2016-04-16 03:00
0.2387,2016-04-16 02:00
0.2387,2016-04-16 01:00
0.2388,2016-04-16 00:00
0.2388,2016-04-15 23:00
0.2388,2016-04-15 22:00
0.2389,2016-04-15 21:00
0.2389,2016-04-15 20:00
0.2389,2016-04-15 19:00
0.2389,2016-04-15 18:00
0.2390,2016-04-15 17:00
0.2390,2016-04-15 16:00
0.2390,2016-04-15 15:00
0.2391,2016-04-15 14:00
0.2391,2016-04-15 13:00
0.2391,2016-04-15 12:00
0.2391,2016-04-15 11:00
0.2392,2016-04-15 10:00
0.2392,2016-04-15 09:00
0.2392,2016-04-15 08:00
0.2393,2016-04-15 07:00
0.2393,2016-04-15 06:00
0.2393,2016-04-15 05:00
0.2393,2016-04-15 04:00
0.2394,2016-04-15 03:00
0.2394,2016-04-15 02:00
0.2394,2016-04-15 01:00
0.2394,2016-04-15 00:00
0.2395,2016-04-14 23:00
0.2395,2016-04-14 22:00
0.2395,2016-04-14 21:00
0.2396,2016-04-14 20:00
0.2396,2016-04-14 19:00
0.2396,2016-04-14 18:00
0.2396,2016-04-14 17:00
0.2397,2016-04-14 16:00
0.2397,2016-04-14 15:00
0.2397,2016-04-14 14:00
0.2398,2016-04-14 13:00
0.2398,2016-04-14 12:00
0.2398,2016-04-14 11:00
0.2399,2016-04-14 10:00
0.2399,2016-04-14 09:00
0.2400,2016-04-14 08:00
0.2400,2016-04-14 07:00
0.2401,2016-04-14 06:00
0.2402,2016-04-14 05:00
0.2403,2016-04-14 04:00
0.2404,2016-04-14 03:00
0.2405,2016-04-14 02:00
0.2407,2016-04-14 01:00
0.2408,2016-04-14 00:00
0.2410,2016-04-13 23:00
0.2412,2016-04-13 22:00
0.2413,2016-04-13 21:00
0.2414,2016-04-13 20:00
0.2415,2016-04-13 19:00
0.2415,2016-04-13 18:00
0.2415,2016-04-13 17:00
0.2415,2016-04-13 16:00
0.2414,2016-04-13 15:00
0.2413,2016-04-13 14:00
0.2412,2016-04-13 13:00
0.2410,2016-04-13 12:00
0.2409,2016-04-13 11:00
0.2407,2016-04-13 10:00
0.2405,2016-04-13 09:00
0.2405,2016-04-13 08:00
0.2405,2016-04-13 07:00
0.2405,2016-04-13 06:00
0.2405,2016-04-13 05:00
0.2405,2016-04-13 04:00
0.2406,2016-04-13 03:00
0.2406,2016-04-13 02:00
0.2406,2016-04-13 01:00
0.2406,2016-04-13 00:00
0.2407,2016-04-12 23:00
0.2407,2016-04-12 22:00
0.2407,2016-04-12 21:00
0.2407,2016-04-12 20:00
0.2407,2016-04-12 19:00
0.2408,2016-04-12 18:00
0.2408,2016-04-12 17:00
0.2408,2016-04-12 16:00
0.2408,2016-04-12 15:00
0.2409,2016-04-12 14:00
0.2409,2016-04-12 13:00
0.2409,2016-04-12 12:00
0.2409,2016-04-12 11:00
0.2409,2016-04-12 10:00
0.2410,2016-04-12 09:00
0.2410,2016-04-12 08:00
0.2410,2016-04-12 07:00
0.2410,2016-04-12 06:00
0.2411,2016-04-12 05:00
0.2411,2016-04-12 04:00
0.2411,2016-04-12 03:00
0.2411,2016-04-12 02:00
0.2412,2016-04-12 01:00
0.2412,2016-04-12 00:00
0.2413,2016-04-11 23:00
0.2413,2016-04-11 22:00
0.2414,2016-04-11 21:00
0.2415,2016-04-11 20:00
0.2416,2016-04-11 19:00
0.2418,2016-04-11 18:00
0.2420,2016-04-11 17:00
0.2422,2016-04-11 16:00
0.2426,2016-04-11 15:00
0.2430,2016-04-11 14:00
0.2435,2016-04-11 13:00
0.2441,2016-04-11 12:00
0.2447,2016-04-11 11:00
0.2455,2016-04-11 10:00
0.2464,2016-04-11 09:00
0.2473,2016-04-11 08:00
0.2483,2016-04-11 07:00
0.2493,2016-04-11 06:00
0.2501,2016-04-11 05:00
0.2509,2016-04-11 04:00
0.2516,2016-04-11 03:00
0.2520,2016-04-11 02:00
0.2523,2016-04-11 01:00
0.2522,2016-04-11 00:00
0.2518,2016-04-10 23:00
0.2512,2016-04-10 22:00
0.2503,2016-04-10 21:00
0.2491,2016-04-10 20:00
0.2465,2016-04-10 19:00
0.2450,2016-04-10 18:00
0.2431,2016-04-10 17:00
0.2417,2016-04-10 16:00
0.2418,2016-04-10 15:00
0.2418,2016-04-10 14:00
0.2418,2016-04-10 13:00
0.2418,2016-04-10 12:00
0.2418,2016-04-10 11:00
0.2419,2016-04-10 10:00
0.2419,2016-04-10 09:00
0.2419,2016-04-10 08:00
0.2419,2016-04-10 07:00
0.2419,2016-04-10 06:00
0.2420,2016-04-10 05:00
0.2420,2016-04-10 04:00
0.2420,2016-04-10 03:00
0.2421,2016-04-10 02:00
0.2421,2016-04-10 01:00
0.2422,2016-04-10 00:00
0.2423,2016-04-09 23:00
0.2424,2016-04-09 22:00
0.2425,2016-04-09 21:00
0.2427,2016-04-09 20:00
0.2430,2016-04-09 19:00
0.2433,2016-04-09 18:00
0.2437,2016-04-09 17:00
0.2442,2016-04-09 16:00
0.2448,2016-04-09 15:00
0.2456,2016-04-09 14:00
0.2465,2016-04-09 13:00
0.2475,2016-04-09 12:00
0.2487,2016-04-09 11:00
0.2499,2016-04-09 10:00
0.2512,2016-04-09 09:00
0.2525,2016-04-09 08:00
0.2536,2016-04-09 07:00
0.2546,2016-04-09 06:00
0.2554,2016-04-09 05:00
0.2559,2016-04-09 04:00
0.2561,2016-04-09 03:00
0.2560,2016-04-09 02:00
0.2558,2016-04-09 01:00
0.2553,2016-04-09 00:00
0.2551,2016-04-08 23:00
0.2548,2016-04-08 22:00
0.2530,2016-04-08 21:00
0.2530,2016-04-08 20:00
0.2521,2016-04-08 19:00
0.2527,2016-04-08 18:00
0.2539,2016-04-08 17:00
0.2550,2016-04-08 16:00
0.2558,2016-04-08 15:00
0.2563,2016-04-08 14:00
0.2564,2016-04-08 13:00
0.2560,2016-04-08 12:00
0.2552,2016-04-08 11:00
0.2539,2016-04-08 10:00
0.2523,2016-04-08 09:00
0.2506,2016-04-08 08:00
0.2487,2016-04-08 07:00
0.2465,2016-04-08 06:00
0.2445,2016-04-08 05:00
0.2432,2016-04-08 04:00
0.2430,2016-04-08 03:00
0.2431,2016-04-08 02:00
0.2432,2016-04-08 01:00
0.2434,2016-04-08 00:00
0.2436,2016-04-07 23:00
0.2439,2016-04-07 22:00
0.2442,2016-04-07 21:00
0.2446,2016-04-07 20:00
0.2451,2016-04-07 19:00
0.2457,2016-04-07 18:00
0.2464,2016-04-07 17:00
0.2472,2016-04-07 16:00
0.2480,2016-04-07 15:00
0.2490,2016-04-07 14:00
0.2499,2016-04-07 13:00
0.2510,2016-04-07 12:00
0.2520,2016-04-07 11:00
0.2532,2016-04-07 10:00
0.2544,2016-04-07 09:00
0.2556,2016-04-07 08:00
0.2569,2016-04-07 07:00
0.2582,2016-04-07 06:00
0.2598,2016-04-07 05:00
0.2616,2016-04-07 04:00
0.2633,2016-04-07 03:00
0.2646,2016-04-07 02:00
0.2666,2016-04-07 01:00
0.2692,2016-04-07 00:00
0.2716,2016-04-06 23:00
0.2737,2016-04-06 22:00
0.2755,2016-04-06 21:00
0.2769,2016-04-06 20:00
0.2769,2016-04-06 19:00
0.2758,2016-04-06 18:00
0.2765,2016-04-06 17:00
0.2772,2016-04-06 16:00
0.2770,2016-04-06 15:00
0.2761,2016-04-06 14:00
0.2744,2016-04-06 13:00
0.2716,2016-04-06 12:00
0.2675,2016-04-06 11:00
0.2641,2016-04-06 10:00
0.2613,2016-04-06 09:00
0.2566,2016-04-06 08:00
0.2523,2016-04-06 07:00
0.2519,2016-04-06 06:00
0.2525,2016-04-06 05:00
0.2530,2016-04-06 04:00
0.2534,2016-04-06 03:00
0.2535,2016-04-06 02:00
0.2533,2016-04-06 01:00
0.2526,2016-04-06 00:00
0.2518,2016-04-05 23:00
0.2509,2016-04-05 22:00
0.2499,2016-04-05 21:00
0.2484,2016-04-05 20:00
0.2454,2016-04-05 19:00
0.2448,2016-04-05 18:00
0.2438,2016-04-05 17:00
0.2438,2016-04-05 16:00
0.2439,2016-04-05 15:00
0.2439,2016-04-05 14:00
0.2439,2016-04-05 13:00
0.2439,2016-04-05 12:00
0.2440,2016-04-05 11:00
0.2440,2016-04-05 10:00
0.2440,2016-04-05 09:00
0.2440,2016-04-05 08:00
0.2440,2016-04-05 07:00
0.2441,2016-04-05 06:00
0.2441,2016-04-05 05:00
0.2441,2016-04-05 04:00
0.2441,2016-04-05 03:00
0.2442,2016-04-05 02:00
0.2442,2016-04-05 01:00
0.2442,2016-04-05 00:00
0.2442,2016-04-04 23:00
0.2442,2016-04-04 22:00
0.2443,2016-04-04 21:00
0.2443,2016-04-04 20:00
0.2443,2016-04-04 19:00
0.2443,2016-04-04 18:00
0.2443,2016-04-04 17:00
0.2444,2016-04-04 16:00
0.2444,2016-04-04 15:00
0.2444,2016-04-04 14:00
0.2444,2016-04-04 13:00
0.2445,2016-04-04 12:00
0.2445,2016-04-04 11:00
0.2445,2016-04-04 10:00
0.2445,2016-04-04 09:00
0.2445,2016-04-04 08:00
0.2446,2016-04-04 07:00
0.2446,2016-04-04 06:00
0.2446,2016-04-04 05:00
0.2446,2016-04-04 04:00
0.2446,2016-04-04 03:00
0.2446,2016-04-04 02:00
0.2447,2016-04-04 01:00
0.2447,2016-04-04 00:00
0.2447,2016-04-03 23:00
0.2447,2016-04-03 22:00
0.2448,2016-04-03 21:00
0.2448,2016-04-03 20:00
0.2448,2016-04-03 19:00
0.2448,2016-04-03 18:00
0.2449,2016-04-03 17:00
0.2449,2016-04-03 16:00
0.2449,2016-04-03 15:00
0.2450,2016-04-03 14:00
0.2451,2016-04-03 13:00
0.2452,2016-04-03 12:00
0.2453,2016-04-03 11:00
0.2454,2016-04-03 10:00
0.2456,2016-04-03 09:00
0.2459,2016-04-03 08:00
0.2462,2016-04-03 07:00
0.2466,2016-04-03 06:00
0.2471,2016-04-03 05:00
0.2476,2016-04-03 04:00
0.2483,2016-04-03 03:00
0.2490,2016-04-03 02:00
0.2498,2016-04-03 01:00
0.2506,2016-04-03 00:00
0.2514,2016-04-02 23:00
0.2521,2016-04-02 22:00
0.2527,2016-04-02 21:00
0.2532,2016-04-02 20:00
0.2534,2016-04-02 19:00
0.2535,2016-04-02 18:00
0.2534,2016-04-02 17:00
0.2531,2016-04-02 16:00
0.2527,2016-04-02 15:00
0.2522,2016-04-02 14:00
0.2519,2016-04-02 13:00
0.2518,2016-04-02 12:00
0.2514,2016-04-02 11:00
0.2501,2016-04-02 10:00
0.2515,2016-04-02 09:00
0.2530,2016-04-02 08:00
0.2548,2016-04-02 07:00
0.2568,2016-04-02 06:00
0.2590,2016-04-02 05:00
0.2612,2016-04-02 04:00
0.2635,2016-04-02 03:00
0.2658,2016-04-02 02:00
0.2678,2016-04-02 01:00
0.2694,2016-04-02 00:00
0.2706,2016-04-01 23:00
0.2712,2016-04-01 22:00
0.2710,2016-04-01 21:00
0.2703,2016-04-01 20:00
0.2689,2016-04-01 19:00
0.2667,2016-04-01 18:00
0.2635,2016-04-01 17:00
0.2610,2016-04-01 16:00
0.2572,2016-04-01 15:00
0.2551,2016-04-01 14:00
0.2522,2016-04-01 13:00
0.2485,2016-04-01 12:00
0.2462,2016-04-01 11:00
0.2456,2016-04-01 10:00
0.2457,2016-04-01 09:00
0.2458,2016-04-01 08:00
0.2460,2016-04-01 07:00
0.2463,2016-04-01 06:00
0.2468,2016-04-01 05:00
0.2474,2016-04-01 04:00
0.2483,2016-04-01 03:00
0.2493,2016-04-01 02:00
0.2505,2016-04-01 01:00
0.2520,2016-04-01 00:00
