Q,dt
3.5114,2016-12-01 00:00
3.5106,2016-11-30 23:00
3.5121,2016-11-30 22:00
3.5179,2016-11-30 21:00
3.5267,2016-11-30 20:00
3.5368,2016-11-30 19:00
3.5510,2016-11-30 18:00
3.5679,2016-11-30 17:00
3.5846,2016-11-30 16:00
3.6010,2016-11-30 15:00
3.6171,2016-11-30 14:00
3.6331,2016-11-30 13:00
3.6492,2016-11-30 12:00
3.6656,2016-11-30 11:00
3.6828,2016-11-30 10:00
3.7011,2016-11-30 09:00
3.7211,2016-11-30 08:00
3.7432,2016-11-30 07:00
3.7681,2016-11-30 06:00
3.7965,2016-11-30 05:00
3.8293,2016-11-30 04:00
3.8670,2016-11-30 03:00
3.9103,2016-11-30 02:00
3.9596,2016-11-30 01:00
4.0150,2016-11-30 00:00
4.0760,2016-11-29 23:00
4.1422,2016-11-29 22:00
4.2127,2016-11-29 21:00
4.2866,2016-11-29 20:00
4.3631,2016-11-29 19:00
4.4413,2016-11-29 18:00
4.5206,2016-11-29 17:00
4.5999,2016-11-29 16:00
4.6782,2016-11-29 15:00
4.7536,2016-11-29 14:00
4.8237,2016-11-29 13:00
4.8852,2016-11-29 12:00
4.9339,2016-11-29 11:00
4.9653,2016-11-29 10:00
4.9758,2016-11-29 09:00
4.9641,2016-11-29 08:00
4.9327,2016-11-29 07:00
4.8876,2016-11-29 06:00
4.8350,2016-11-29 05:00
4.7759,2016-11-29 04:00
4.7032,2016-11-29 03:00
4.6119,2016-11-29 02:00
4.5111,2016-11-29 01:00
4.4391,2016-11-29 00:00
4.4091,2016-11-28 23:00
4.3959,2016-11-28 22:00
4.3936,2016-11-28 21:00
4.3994,2016-11-28 20:00
4.4128,2016-11-28 19:00
4.4324,2016-11-28 18:00
4.4567,2016-11-28 17:00
4.4827,2016-11-28 16:00
4.5064,2016-11-28 15:00
4.5226,2016-11-28 14:00
4.5254,2016-11-28 13:00
4.5078,2016-11-28 12:00
4.4640,2016-11-28 11:00
4.3930,2016-11-28 10:00
4.3032,2016-11-28 09:00
4.2116,2016-11-28 08:00
4.1316,2016-11-28 07:00
4.0611,2016-11-28 06:00
3.9782,2016-11-28 05:00
3.8487,2016-11-28 04:00
3.6849,2016-11-28 03:00
3.5237,2016-11-28 02:00
3.3997,2016-11-28 01:00
3.3472,2016-11-28 00:00
3.3425,2016-11-27 23:00
3.3426,2016-11-27 22:00
3.3427,2016-11-27 21:00
3.3428,2016-11-27 20:00
3.3429,2016-11-27 19:00
3.3430,2016-11-27 18:00
3.3430,2016-11-27 17:00
3.3431,2016-11-27 16:00
3.3432,2016-11-27 15:00
3.3433,2016-11-27 14:00
3.3434,2016-11-27 13:00
3.3435,2016-11-27 12:00
3.3436,2016-11-27 11:00
3.3437,2016-11-27 10:00
3.3438,2016-11-27 09:00
3.3439,2016-11-27 08:00
3.3439,2016-11-27 07:00
3.3440,2016-11-27 06:00
3.3441,2016-11-27 05:00
3.3442,2016-11-27 04:00
3.3443,2016-11-27 03:00
3.3443,2016-11-27 02:00
3.3444,2016-11-27 01:00
3.3444,2016-11-27 00:00
3.3445,2016-11-26 23:00
3.3445,2016-11-26 22:00
3.3445,2016-11-26 21:00
3.3445,2016-11-26 20:00
3.3445,2016-11-26 19:00
3.3445,2016-11-26 18:00
3.3446,2016-11-26 17:00
3.3446,2016-11-26 16:00
3.3446,2016-11-26 15:00
3.3447,2016-11-26 14:00
3.3447,2016-11-26 13:00
3.3448,2016-11-26 12:00
3.3449,2016-11-26 11:00
3.3450,2016-11-26 10:00
3.3451,2016-11-26 09:00
3.3453,2016-11-26 08:00
3.3455,2016-11-26 07:00
3.3458,2016-11-26 06:00
3.3462,2016-11-26 05:00
3.3467,2016-11-26 04:00
3.3474,2016-11-26 03:00
3.3483,2016-11-26 02:00
3.3494,2016-11-26 01:00
3.3509,2016-11-26 00:00
3.3527,2016-11-25 23:00
3.3551,2016-11-25 22:00
3.3580,2016-11-25 21:00
3.3616,2016-11-25 20:00
3.3660,2016-11-25 19:00
3.3713,2016-11-25 18:00
3.3777,2016-11-25 17:00
3.3853,2016-11-25 16:00
3.3941,2016-11-25 15:00
3.4044,2016-11-25 14:00
3.4161,2016-11-25 13:00
3.4293,2016-11-25 12:00
3.4441,2016-11-25 11:00
3.4605,2016-11-25 10:00
3.4785,2016-11-25 09:00
3.4979,2016-11-25 08:00
3.5188,2016-11-25 07:00
3.5411,2016-11-25 06:00
3.5646,2016-11-25 05:00
3.5893,2016-11-25 04:00
3.6149,2016-11-25 03:00
3.6414,2016-11-25 02:00
3.6687,2016-11-25 01:00
3.6965,2016-11-25 00:00
3.7246,2016-11-24 23:00
3.7529,2016-11-24 22:00
3.7812,2016-11-24 21:00
3.8091,2016-11-24 20:00
3.8366,2016-11-24 19:00
3.8633,2016-11-24 18:00
3.8889,2016-11-24 17:00
3.9134,2016-11-24 16:00
3.9363,2016-11-24 15:00
3.9574,2016-11-24 14:00
3.9763,2016-11-24 13:00
3.9925,2016-11-24 12:00
4.0056,2016-11-24 11:00
4.0152,2016-11-24 10:00
4.0209,2016-11-24 09:00
4.0227,2016-11-24 08:00
4.0204,2016-11-24 07:00
4.0144,2016-11-24 06:00
4.0046,2016-11-24 05:00
3.9914,2016-11-24 04:00
3.9749,2016-11-24 03:00
3.9556,2016-11-24 02:00
3.9340,2016-11-24 01:00
3.9111,2016-11-24 00:00
3.8881,2016-11-23 23:00
3.8658,2016-11-23 22:00
3.8450,2016-11-23 21:00
3.8258,2016-11-23 20:00
3.8079,2016-11-23 19:00
3.7911,2016-11-23 18:00
3.7757,2016-11-23 17:00
3.7612,2016-11-23 16:00
3.7452,2016-11-23 15:00
3.7229,2016-11-23 14:00
3.6926,2016-11-23 13:00
3.6613,2016-11-23 12:00
3.6351,2016-11-23 11:00
3.6090,2016-11-23 10:00
3.5864,2016-11-23 09:00
3.5655,2016-11-23 08:00
3.5416,2016-11-23 07:00
3.5117,2016-11-23 06:00
3.4812,2016-11-23 05:00
3.4584,2016-11-23 04:00
3.4463,2016-11-23 03:00
3.4364,2016-11-23 02:00
3.4237,2016-11-23 01:00
3.4041,2016-11-23 00:00
3.3822,2016-11-22 23:00
3.3687,2016-11-22 22:00
3.3619,2016-11-22 21:00
3.3585,2016-11-22 20:00
3.3570,2016-11-22 19:00
3.3562,2016-11-22 18:00
3.3558,2016-11-22 17:00
3.3554,2016-11-22 16:00
3.3556,2016-11-22 15:00
3.3559,2016-11-22 14:00
3.3562,2016-11-22 13:00
3.3564,2016-11-22 12:00
3.3567,2016-11-22 11:00
3.3570,2016-11-22 10:00
3.3572,2016-11-22 09:00
3.3575,2016-11-22 08:00
3.3577,2016-11-22 07:00
3.3580,2016-11-22 06:00
3.3583,2016-11-22 05:00
3.3585,2016-11-22 04:00
3.3588,2016-11-22 03:00
3.3590,2016-11-22 02:00
3.3593,2016-11-22 01:00
3.3595,2016-11-22 00:00
3.3598,2016-11-21 23:00
3.3601,2016-11-21 22:00
3.3603,2016-11-21 21:00
3.3606,2016-11-21 20:00
3.3609,2016-11-21 19:00
3.3612,2016-11-21 18:00
3.3615,2016-11-21 17:00
3.3618,2016-11-21 16:00
3.3622,2016-11-21 15:00
3.3626,2016-11-21 14:00
3.3630,2016-11-21 13:00
3.3635,2016-11-21 12:00
3.3641,2016-11-21 11:00
3.3647,2016-11-21 10:00
3.3654,2016-11-21 09:00
3.3663,2016-11-21 08:00
3.3672,2016-11-21 07:00
3.3683,2016-11-21 06:00
3.3696,2016-11-21 05:00
3.3710,2016-11-21 04:00
3.3727,2016-11-21 03:00
3.3745,2016-11-21 02:00
3.3765,2016-11-21 01:00
3.3787,2016-11-21 00:00
3.3812,2016-11-20 23:00
3.3838,2016-11-20 22:00
3.3867,2016-11-20 21:00
3.3897,2016-11-20 20:00
3.3929,2016-11-20 19:00
3.3963,2016-11-20 18:00
3.3998,2016-11-20 17:00
3.4035,2016-11-20 16:00
3.4072,2016-11-20 15:00
3.4110,2016-11-20 14:00
3.4147,2016-11-20 13:00
3.4184,2016-11-20 12:00
3.4220,2016-11-20 11:00
3.4253,2016-11-20 10:00
3.4284,2016-11-20 09:00
3.4313,2016-11-20 08:00
3.4338,2016-11-20 07:00
3.4361,2016-11-20 06:00
3.4381,2016-11-20 05:00
3.4399,2016-11-20 04:00
3.4415,2016-11-20 03:00
3.4428,2016-11-20 02:00
3.4437,2016-11-20 01:00
3.4442,2016-11-20 00:00
3.4440,2016-11-19 23:00
3.4430,2016-11-19 22:00
3.4410,2016-11-19 21:00
3.4382,2016-11-19 20:00
3.4344,2016-11-19 19:00
3.4301,2016-11-19 18:00
3.4253,2016-11-19 17:00
3.4206,2016-11-19 16:00
3.4161,2016-11-19 15:00
3.4121,2016-11-19 14:00
3.4087,2016-11-19 13:00
3.4060,2016-11-19 12:00
3.4038,2016-11-19 11:00
3.4020,2016-11-19 10:00
3.4005,2016-11-19 09:00
3.3993,2016-11-19 08:00
3.3984,2016-11-19 07:00
3.3979,2016-11-19 06:00
3.3973,2016-11-19 05:00
3.3958,2016-11-19 04:00
3.3926,2016-11-19 03:00
3.3888,2016-11-19 02:00
3.3865,2016-11-19 01:00
3.3858,2016-11-19 00:00
3.3850,2016-11-18 23:00
3.3840,2016-11-18 22:00
3.3830,2016-11-18 21:00
3.3825,2016-11-18 20:00
3.3822,2016-11-18 19:00
3.3819,2016-11-18 18:00
3.3810,2016-11-18 17:00
3.3796,2016-11-18 16:00
3.3784,2016-11-18 15:00
3.3786,2016-11-18 14:00
3.3788,2016-11-18 13:00
3.3790,2016-11-18 12:00
3.3793,2016-11-18 11:00
3.3795,2016-11-18 10:00
3.3797,2016-11-18 09:00
3.3799,2016-11-18 08:00
3.3801,2016-11-18 07:00
3.3803,2016-11-18 06:00
3.3805,2016-11-18 05:00
3.3807,2016-11-18 04:00
3.3809,2016-11-18 03:00
3.3811,2016-11-18 02:00
3.3813,2016-11-18 01:00
3.3815,2016-11-18 00:00
3.3817,2016-11-17 23:00
3.3819,2016-11-17 22:00
3.3821,2016-11-17 21:00
3.3823,2016-11-17 20:00
3.3825,2016-11-17 19:00
3.3827,2016-11-17 18:00
3.3829,2016-11-17 17:00
3.3831,2016-11-17 16:00
3.3833,2016-11-17 15:00
3.3835,2016-11-17 14:00
3.3837,2016-11-17 13:00
3.3839,2016-11-17 12:00
3.3841,2016-11-17 11:00
3.3843,2016-11-17 10:00
3.3845,2016-11-17 09:00
3.3847,2016-11-17 08:00
3.3848,2016-11-17 07:00
3.3850,2016-11-17 06:00
3.3852,2016-11-17 05:00
3.3854,2016-11-17 04:00
3.3856,2016-11-17 03:00
3.3858,2016-11-17 02:00
3.3859,2016-11-17 01:00
3.3861,2016-11-17 00:00
3.3863,2016-11-16 23:00
3.3865,2016-11-16 22:00
3.3867,2016-11-16 21:00
3.3868,2016-11-16 20:00
3.3870,2016-11-16 19:00
3.3872,2016-11-16 18:00
3.3874,2016-11-16 17:00
3.3875,2016-11-16 16:00
3.3877,2016-11-16 15:00
3.3879,2016-11-16 14:00
3.3880,2016-11-16 13:00
3.3882,2016-11-16 12:00
3.3884,2016-11-16 11:00
3.3885,2016-11-16 10:00
3.3887,2016-11-16 09:00
3.3889,2016-11-16 08:00
3.3890,2016-11-16 07:00
3.3892,2016-11-16 06:00
3.3893,2016-11-16 05:00
3.3895,2016-11-16 04:00
3.3896,2016-11-16 03:00
3.3898,2016-11-16 02:00
3.3900,2016-11-16 01:00
3.3901,2016-11-16 00:00
3.3903,2016-11-15 23:00
3.3904,2016-11-15 22:00
3.3906,2016-11-15 21:00
3.3907,2016-11-15 20:00
3.3909,2016-11-15 19:00
3.3910,2016-11-15 18:00
3.3912,2016-11-15 17:00
3.3913,2016-11-15 16:00
3.3914,2016-11-15 15:00
3.3916,2016-11-15 14:00
3.3917,2016-11-15 13:00
3.3919,2016-11-15 12:00
3.3920,2016-11-15 11:00
3.3921,2016-11-15 10:00
3.3923,2016-11-15 09:00
3.3924,2016-11-15 08:00
3.3925,2016-11-15 07:00
3.3927,2016-11-15 06:00
3.3928,2016-11-15 05:00
3.3929,2016-11-15 04:00
3.3931,2016-11-15 03:00
3.3932,2016-11-15 02:00
3.3933,2016-11-15 01:00
3.3935,2016-11-15 00:00
3.3936,2016-11-14 23:00
3.3937,2016-11-14 22:00
3.3938,2016-11-14 21:00
3.3939,2016-11-14 20:00
3.3941,2016-11-14 19:00
3.3942,2016-11-14 18:00
3.3943,2016-11-14 17:00
3.3944,2016-11-14 16:00
3.3945,2016-11-14 15:00
3.3946,2016-11-14 14:00
3.3948,2016-11-14 13:00
3.3949,2016-11-14 12:00
3.3950,2016-11-14 11:00
3.3951,2016-11-14 10:00
3.3952,2016-11-14 09:00
3.3953,2016-11-14 08:00
3.3954,2016-11-14 07:00
3.3955,2016-11-14 06:00
3.3956,2016-11-14 05:00
3.3957,2016-11-14 04:00
3.3958,2016-11-14 03:00
3.3959,2016-11-14 02:00
3.3960,2016-11-14 01:00
3.3961,2016-11-14 00:00
3.3962,2016-11-13 23:00
3.3963,2016-11-13 22:00
3.3964,2016-11-13 21:00
3.3965,2016-11-13 20:00
3.3966,2016-11-13 19:00
3.3967,2016-11-13 18:00
3.3967,2016-11-13 17:00
3.3968,2016-11-13 16:00
3.3969,2016-11-13 15:00
3.3970,2016-11-13 14:00
3.3971,2016-11-13 13:00
3.3972,2016-11-13 12:00
3.3972,2016-11-13 11:00
3.3973,2016-11-13 10:00
3.3974,2016-11-13 09:00
3.3975,2016-11-13 08:00
3.3975,2016-11-13 07:00
3.3976,2016-11-13 06:00
3.3977,2016-11-13 05:00
3.3977,2016-11-13 04:00
3.3978,2016-11-13 03:00
3.3979,2016-11-13 02:00
3.3979,2016-11-13 01:00
3.3980,2016-11-13 00:00
3.3981,2016-11-12 23:00
3.3981,2016-11-12 22:00
3.3982,2016-11-12 21:00
3.3983,2016-11-12 20:00
3.3983,2016-11-12 19:00
3.3984,2016-11-12 18:00
3.3984,2016-11-12 17:00
3.3985,2016-11-12 16:00
3.3985,2016-11-12 15:00
3.3986,2016-11-12 14:00
3.3986,2016-11-12 13:00
3.3987,2016-11-12 12:00
3.3987,2016-11-12 11:00
3.3988,2016-11-12 10:00
3.3988,2016-11-12 09:00
3.3988,2016-11-12 08:00
3.3989,2016-11-12 07:00
3.3989,2016-11-12 06:00
3.3990,2016-11-12 05:00
3.3990,2016-11-12 04:00
3.3990,2016-11-12 03:00
3.3991,2016-11-12 02:00
3.3991,2016-11-12 01:00
3.3991,2016-11-12 00:00
3.3991,2016-11-11 23:00
3.3992,2016-11-11 22:00
3.3992,2016-11-11 21:00
3.3992,2016-11-11 20:00
3.3992,2016-11-11 19:00
3.3993,2016-11-11 18:00
3.3993,2016-11-11 17:00
3.3993,2016-11-11 16:00
3.3993,2016-11-11 15:00
3.3993,2016-11-11 14:00
3.3993,2016-11-11 13:00
3.3994,2016-11-11 12:00
3.3994,2016-11-11 11:00
3.3994,2016-11-11 10:00
3.3994,2016-11-11 09:00
3.3994,2016-11-11 08:00
3.3994,2016-11-11 07:00
3.3994,2016-11-11 06:00
3.3994,2016-11-11 05:00
3.3994,2016-11-11 04:00
3.3994,2016-11-11 03:00
3.3994,2016-11-11 02:00
3.3994,2016-11-11 01:00
3.3994,2016-11-11 00:00
3.3994,2016-11-10 23:00
3.3994,2016-11-10 22:00
3.3993,2016-11-10 21:00
3.3993,2016-11-10 20:00
3.3993,2016-11-10 19:00
3.3993,2016-11-10 18:00
3.3993,2016-11-10 17:00
3.3993,2016-11-10 16:00
3.3992,2016-11-10 15:00
3.3992,2016-11-10 14:00
3.3992,2016-11-10 13:00
3.3992,2016-11-10 12:00
3.3991,2016-11-10 11:00
3.3991,2016-11-10 10:00
3.3991,2016-11-10 09:00
3.3991,2016-11-10 08:00
3.3990,2016-11-10 07:00
3.3990,2016-11-10 06:00
3.3990,2016-11-10 05:00
3.3989,2016-11-10 04:00
3.3989,2016-11-10 03:00
3.3989,2016-11-10 02:00
3.3988,2016-11-10 01:00
3.3988,2016-11-10 00:00
3.3988,2016-11-09 23:00
3.3988,2016-11-09 22:00
3.3988,2016-11-09 21:00
3.3989,2016-11-09 20:00
3.3989,2016-11-09 19:00
3.3990,2016-11-09 18:00
3.3992,2016-11-09 17:00
3.3995,2016-11-09 16:00
3.3999,2016-11-09 15:00
3.4005,2016-11-09 14:00
3.4013,2016-11-09 13:00
3.4023,2016-11-09 12:00
3.4038,2016-11-09 11:00
3.4058,2016-11-09 10:00
3.4083,2016-11-09 09:00
3.4116,2016-11-09 08:00
3.4157,2016-11-09 07:00
3.4209,2016-11-09 06:00
3.4272,2016-11-09 05:00
3.4349,2016-11-09 04:00
3.4442,2016-11-09 03:00
3.4551,2016-11-09 02:00
3.4679,2016-11-09 01:00
3.4826,2016-11-09 00:00
3.4992,2016-11-08 23:00
3.5175,2016-11-08 22:00
3.5369,2016-11-08 21:00
3.5568,2016-11-08 20:00
3.5763,2016-11-08 19:00
3.5940,2016-11-08 18:00
3.6083,2016-11-08 17:00
3.6171,2016-11-08 16:00
3.6186,2016-11-08 15:00
3.6108,2016-11-08 14:00
3.5934,2016-11-08 13:00
3.5677,2016-11-08 12:00
3.5372,2016-11-08 11:00
3.5080,2016-11-08 10:00
3.4860,2016-11-08 09:00
3.4725,2016-11-08 08:00
3.4612,2016-11-08 07:00
3.4452,2016-11-08 06:00
3.4242,2016-11-08 05:00
3.4035,2016-11-08 04:00
3.3951,2016-11-08 03:00
3.3950,2016-11-08 02:00
3.3949,2016-11-08 01:00
3.3948,2016-11-08 00:00
3.3947,2016-11-07 23:00
3.3946,2016-11-07 22:00
3.3945,2016-11-07 21:00
3.3943,2016-11-07 20:00
3.3942,2016-11-07 19:00
3.3941,2016-11-07 18:00
3.3940,2016-11-07 17:00
3.3939,2016-11-07 16:00
3.3937,2016-11-07 15:00
3.3936,2016-11-07 14:00
3.3935,2016-11-07 13:00
3.3933,2016-11-07 12:00
3.3932,2016-11-07 11:00
3.3931,2016-11-07 10:00
3.3929,2016-11-07 09:00
3.3928,2016-11-07 08:00
3.3927,2016-11-07 07:00
3.3925,2016-11-07 06:00
3.3924,2016-11-07 05:00
3.3922,2016-11-07 04:00
3.3921,2016-11-07 03:00
3.3919,2016-11-07 02:00
3.3918,2016-11-07 01:00
3.3916,2016-11-07 00:00
3.3915,2016-11-06 23:00
3.3913,2016-11-06 22:00
3.3911,2016-11-06 21:00
3.3910,2016-11-06 20:00
3.3908,2016-11-06 19:00
3.3906,2016-11-06 18:00
3.3905,2016-11-06 17:00
3.3903,2016-11-06 16:00
3.3901,2016-11-06 15:00
3.3900,2016-11-06 14:00
3.3898,2016-11-06 13:00
3.3896,2016-11-06 12:00
3.3894,2016-11-06 11:00
3.3892,2016-11-06 10:00
3.3890,2016-11-06 09:00
3.3889,2016-11-06 08:00
3.3887,2016-11-06 07:00
3.3885,2016-11-06 06:00
3.3883,2016-11-06 05:00
3.3881,2016-11-06 04:00
3.3879,2016-11-06 03:00
3.3877,2016-11-06 02:00
3.3875,2016-11-06 01:00
3.3873,2016-11-06 00:00
3.3871,2016-11-05 23:00
3.3869,2016-11-05 22:00
3.3866,2016-11-05 21:00
3.3864,2016-11-05 20:00
3.3862,2016-11-05 19:00
3.3860,2016-11-05 18:00
3.3858,2016-11-05 17:00
3.3855,2016-11-05 16:00
3.3853,2016-11-05 15:00
3.3851,2016-11-05 14:00
3.3849,2016-11-05 13:00
3.3846,2016-11-05 12:00
3.3844,2016-11-05 11:00
3.3842,2016-11-05 10:00
3.3839,2016-11-05 09:00
3.3837,2016-11-05 08:00
3.3834,2016-11-05 07:00
3.3832,2016-11-05 06:00
3.3829,2016-11-05 05:00
3.3827,2016-11-05 04:00
3.3824,2016-11-05 03:00
3.3822,2016-11-05 02:00
3.3819,2016-11-05 01:00
3.3817,2016-11-05 00:00
3.3814,2016-11-04 23:00
3.3811,2016-11-04 22:00
3.3809,2016-11-04 21:00
3.3806,2016-11-04 20:00
3.3803,2016-11-04 19:00
3.3800,2016-11-04 18:00
3.3798,2016-11-04 17:00
3.3795,2016-11-04 16:00
3.3792,2016-11-04 15:00
3.3789,2016-11-04 14:00
3.3786,2016-11-04 13:00
3.3783,2016-11-04 12:00
3.3780,2016-11-04 11:00
3.3778,2016-11-04 10:00
3.3775,2016-11-04 09:00
3.3772,2016-11-04 08:00
3.3769,2016-11-04 07:00
3.3765,2016-11-04 06:00
3.3762,2016-11-04 05:00
3.3759,2016-11-04 04:00
3.3756,2016-11-04 03:00
3.3753,2016-11-04 02:00
3.3750,2016-11-04 01:00
3.3747,2016-11-04 00:00
3.3743,2016-11-03 23:00
3.3740,2016-11-03 22:00
3.3737,2016-11-03 21:00
3.3734,2016-11-03 20:00
3.3730,2016-11-03 19:00
3.3727,2016-11-03 18:00
3.3724,2016-11-03 17:00
3.3720,2016-11-03 16:00
3.3717,2016-11-03 15:00
3.3713,2016-11-03 14:00
3.3710,2016-11-03 13:00
3.3706,2016-11-03 12:00
3.3703,2016-11-03 11:00
3.3699,2016-11-03 10:00
3.3696,2016-11-03 09:00
3.3692,2016-11-03 08:00
3.3688,2016-11-03 07:00
3.3685,2016-11-03 06:00
3.3681,2016-11-03 05:00
3.3677,2016-11-03 04:00
3.3673,2016-11-03 03:00
3.3670,2016-11-03 02:00
3.3666,2016-11-03 01:00
3.3662,2016-11-03 00:00
3.3658,2016-11-02 23:00
3.3654,2016-11-02 22:00
3.3651,2016-11-02 21:00
3.3647,2016-11-02 20:00
3.3643,2016-11-02 19:00
3.3639,2016-11-02 18:00
3.3635,2016-11-02 17:00
3.3631,2016-11-02 16:00
3.3627,2016-11-02 15:00
3.3623,2016-11-02 14:00
3.3619,2016-11-02 13:00
3.3615,2016-11-02 12:00
3.3611,2016-11-02 11:00
3.3607,2016-11-02 10:00
3.3603,2016-11-02 09:00
3.3598,2016-11-02 08:00
3.3594,2016-11-02 07:00
3.3590,2016-11-02 06:00
3.3586,2016-11-02 05:00
3.3582,2016-11-02 04:00
3.3579,2016-11-02 03:00
3.3575,2016-11-02 02:00
3.3571,2016-11-02 01:00
3.3568,2016-11-02 00:00
3.3565,2016-11-01 23:00
3.3562,2016-11-01 22:00
3.3559,2016-11-01 21:00
3.3557,2016-11-01 20:00
3.3556,2016-11-01 19:00
3.3556,2016-11-01 18:00
3.3557,2016-11-01 17:00
3.3559,2016-11-01 16:00
3.3562,2016-11-01 15:00
3.3567,2016-11-01 14:00
3.3574,2016-11-01 13:00
3.3583,2016-11-01 12:00
3.3594,2016-11-01 11:00
3.3607,2016-11-01 10:00
3.3623,2016-11-01 09:00
3.3640,2016-11-01 08:00
3.3659,2016-11-01 07:00
3.3680,2016-11-01 06:00
3.3701,2016-11-01 05:00
3.3723,2016-11-01 04:00
3.3744,2016-11-01 03:00
3.3764,2016-11-01 02:00
3.3782,2016-11-01 01:00
3.3797,2016-11-01 00:00
3.3810,2016-10-31 23:00
3.3820,2016-10-31 22:00
3.3827,2016-10-31 21:00
3.3831,2016-10-31 20:00
3.3833,2016-10-31 19:00
3.3832,2016-10-31 18:00
3.3830,2016-10-31 17:00
3.3826,2016-10-31 16:00
3.3821,2016-10-31 15:00
3.3816,2016-10-31 14:00
3.3810,2016-10-31 13:00
3.3804,2016-10-31 12:00
3.3800,2016-10-31 11:00
3.3797,2016-10-31 10:00
3.3798,2016-10-31 09:00
3.3804,2016-10-31 08:00
3.3815,2016-10-31 07:00
3.3832,2016-10-31 06:00
3.3856,2016-10-31 05:00
3.3887,2016-10-31 04:00
3.3924,2016-10-31 03:00
3.3966,2016-10-31 02:00
3.4014,2016-10-31 01:00
3.4065,2016-10-31 00:00
3.4118,2016-10-30 23:00
3.4170,2016-10-30 22:00
3.4217,2016-10-30 21:00
3.4257,2016-10-30 20:00
3.4286,2016-10-30 19:00
3.4302,2016-10-30 18:00
3.4302,2016-10-30 17:00
3.4288,2016-10-30 16:00
3.4264,2016-10-30 15:00
3.4234,2016-10-30 14:00
3.4205,2016-10-30 13:00
3.4178,2016-10-30 12:00
3.4143,2016-10-30 11:00
3.4072,2016-10-30 10:00
3.3930,2016-10-30 09:00
3.3707,2016-10-30 08:00
3.3436,2016-10-30 07:00
3.3263,2016-10-30 06:00
3.3228,2016-10-30 05:00
3.3223,2016-10-30 04:00
3.3218,2016-10-30 03:00
3.3214,2016-10-30 02:00
3.3210,2016-10-30 01:00
3.3206,2016-10-30 00:00
3.3203,2016-10-29 23:00
3.3200,2016-10-29 22:00
3.3198,2016-10-29 21:00
3.3196,2016-10-29 20:00
3.3195,2016-10-29 19:00
3.3194,2016-10-29 18:00
3.3195,2016-10-29 17:00
3.3197,2016-10-29 16:00
3.3200,2016-10-29 15:00
3.3205,2016-10-29 14:00
3.3212,2016-10-29 13:00
3.3221,2016-10-29 12:00
3.3233,2016-10-29 11:00
3.3249,2016-10-29 10:00
3.3269,2016-10-29 09:00
3.3294,2016-10-29 08:00
3.3326,2016-10-29 07:00
3.3365,2016-10-29 06:00
3.3413,2016-10-29 05:00
3.3473,2016-10-29 04:00
3.3547,2016-10-29 03:00
3.3637,2016-10-29 02:00
3.3747,2016-10-29 01:00
3.3881,2016-10-29 00:00
3.4043,2016-10-28 23:00
3.4238,2016-10-28 22:00
3.4473,2016-10-28 21:00
3.4752,2016-10-28 20:00
3.5085,2016-10-28 19:00
3.5477,2016-10-28 18:00
3.5939,2016-10-28 17:00
3.6478,2016-10-28 16:00
3.7104,2016-10-28 15:00
3.7828,2016-10-28 14:00
3.8660,2016-10-28 13:00
3.9612,2016-10-28 12:00
4.0695,2016-10-28 11:00
4.1923,2016-10-28 10:00
4.3309,2016-10-28 09:00
4.4867,2016-10-28 08:00
4.6611,2016-10-28 07:00
4.8556,2016-10-28 06:00
5.0718,2016-10-28 05:00
5.3112,2016-10-28 04:00
5.5753,2016-10-28 03:00
5.8655,2016-10-28 02:00
6.1831,2016-10-28 01:00
6.5291,2016-10-28 00:00
6.9041,2016-10-27 23:00
7.3080,2016-10-27 22:00
7.7402,2016-10-27 21:00
8.1992,2016-10-27 20:00
8.6823,2016-10-27 19:00
9.1858,2016-10-27 18:00
9.7047,2016-10-27 17:00
10.2329,2016-10-27 16:00
10.7633,2016-10-27 15:00
11.2876,2016-10-27 14:00
11.7966,2016-10-27 13:00
12.2800,2016-10-27 12:00
12.7255,2016-10-27 11:00
13.1188,2016-10-27 10:00
13.4436,2016-10-27 09:00
13.6840,2016-10-27 08:00
13.8281,2016-10-27 07:00
13.8731,2016-10-27 06:00
13.8290,2016-10-27 05:00
13.7170,2016-10-27 04:00
13.5640,2016-10-27 03:00
13.3957,2016-10-27 02:00
13.2318,2016-10-27 01:00
13.0847,2016-10-27 00:00
12.9560,2016-10-26 23:00
12.8288,2016-10-26 22:00
12.6644,2016-10-26 21:00
12.4090,2016-10-26 20:00
12.0072,2016-10-26 19:00
11.4172,2016-10-26 18:00
10.6277,2016-10-26 17:00
9.6887,2016-10-26 16:00
8.7221,2016-10-26 15:00
7.8502,2016-10-26 14:00
7.0838,2016-10-26 13:00
6.3260,2016-10-26 12:00
5.5159,2016-10-26 11:00
4.8288,2016-10-26 10:00
4.2678,2016-10-26 09:00
3.8378,2016-10-26 08:00
3.6031,2016-10-26 07:00
3.4869,2016-10-26 06:00
3.3952,2016-10-26 05:00
3.3284,2016-10-26 04:00
3.3057,2016-10-26 03:00
3.2953,2016-10-26 02:00
3.2944,2016-10-26 01:00
3.2934,2016-10-26 00:00
3.2924,2016-10-25 23:00
3.2915,2016-10-25 22:00
3.2910,2016-10-25 21:00
3.2907,2016-10-25 20:00
3.2896,2016-10-25 19:00
3.2871,2016-10-25 18:00
3.2835,2016-10-25 17:00
3.2813,2016-10-25 16:00
3.2816,2016-10-25 15:00
3.2818,2016-10-25 14:00
3.2821,2016-10-25 13:00
3.2824,2016-10-25 12:00
3.2827,2016-10-25 11:00
3.2829,2016-10-25 10:00
3.2832,2016-10-25 09:00
3.2835,2016-10-25 08:00
3.2838,2016-10-25 07:00
3.2840,2016-10-25 06:00
3.2843,2016-10-25 05:00
3.2846,2016-10-25 04:00
3.2848,2016-10-25 03:00
3.2851,2016-10-25 02:00
3.2854,2016-10-25 01:00
3.2856,2016-10-25 00:00
3.2859,2016-10-24 23:00
3.2861,2016-10-24 22:00
3.2864,2016-10-24 21:00
3.2867,2016-10-24 20:00
3.2869,2016-10-24 19:00
3.2872,2016-10-24 18:00
3.2874,2016-10-24 17:00
3.2877,2016-10-24 16:00
3.2880,2016-10-24 15:00
3.2882,2016-10-24 14:00
3.2885,2016-10-24 13:00
3.2887,2016-10-24 12:00
3.2890,2016-10-24 11:00
3.2892,2016-10-24 10:00
3.2895,2016-10-24 09:00
3.2897,2016-10-24 08:00
3.2900,2016-10-24 07:00
3.2902,2016-10-24 06:00
3.2904,2016-10-24 05:00
3.2907,2016-10-24 04:00
3.2909,2016-10-24 03:00
3.2912,2016-10-24 02:00
3.2914,2016-10-24 01:00
3.2917,2016-10-24 00:00
3.2919,2016-10-23 23:00
3.2921,2016-10-23 22:00
3.2924,2016-10-23 21:00
3.2926,2016-10-23 20:00
3.2928,2016-10-23 19:00
3.2931,2016-10-23 18:00
3.2933,2016-10-23 17:00
3.2935,2016-10-23 16:00
3.2938,2016-10-23 15:00
3.2940,2016-10-23 14:00
3.2942,2016-10-23 13:00
3.2945,2016-10-23 12:00
3.2947,2016-10-23 11:00
3.2949,2016-10-23 10:00
3.2951,2016-10-23 09:00
3.2954,2016-10-23 08:00
3.2956,2016-10-23 07:00
3.2958,2016-10-23 06:00
3.2960,2016-10-23 05:00
3.2962,2016-10-23 04:00
3.2965,2016-10-23 03:00
3.2967,2016-10-23 02:00
3.2969,2016-10-23 01:00
3.2971,2016-10-23 00:00
3.2973,2016-10-22 23:00
3.2975,2016-10-22 22:00
3.2977,2016-10-22 21:00
3.2979,2016-10-22 20:00
3.2982,2016-10-22 19:00
3.2984,2016-10-22 18:00
3.2986,2016-10-22 17:00
3.2988,2016-10-22 16:00
3.2990,2016-10-22 15:00
3.2992,2016-10-22 14:00
3.2994,2016-10-22 13:00
3.2996,2016-10-22 12:00
3.2998,2016-10-22 11:00
3.3000,2016-10-22 10:00
3.3002,2016-10-22 09:00
3.3004,2016-10-22 08:00
3.3006,2016-10-22 07:00
3.3008,2016-10-22 06:00
3.3010,2016-10-22 05:00
3.3012,2016-10-22 04:00
3.3013,2016-10-22 03:00
3.3015,2016-10-22 02:00
3.3017,2016-10-22 01:00
3.3019,2016-10-22 00:00
3.3021,2016-10-21 23:00
3.3023,2016-10-21 22:00
3.3025,2016-10-21 21:00
3.3026,2016-10-21 20:00
3.3028,2016-10-21 19:00
3.3030,2016-10-21 18:00
3.3032,2016-10-21 17:00
3.3034,2016-10-21 16:00
3.3035,2016-10-21 15:00
3.3037,2016-10-21 14:00
3.3039,2016-10-21 13:00
3.3041,2016-10-21 12:00
3.3042,2016-10-21 11:00
3.3044,2016-10-21 10:00
3.3046,2016-10-21 09:00
3.3047,2016-10-21 08:00
3.3049,2016-10-21 07:00
3.3051,2016-10-21 06:00
3.3052,2016-10-21 05:00
3.3054,2016-10-21 04:00
3.3056,2016-10-21 03:00
3.3057,2016-10-21 02:00
3.3059,2016-10-21 01:00
3.3060,2016-10-21 00:00
3.3062,2016-10-20 23:00
3.3063,2016-10-20 22:00
3.3065,2016-10-20 21:00
3.3067,2016-10-20 20:00
3.3068,2016-10-20 19:00
3.3070,2016-10-20 18:00
3.3071,2016-10-20 17:00
3.3073,2016-10-20 16:00
3.3074,2016-10-20 15:00
3.3076,2016-10-20 14:00
3.3077,2016-10-20 13:00
3.3079,2016-10-20 12:00
3.3081,2016-10-20 11:00
3.3082,2016-10-20 10:00
3.3084,2016-10-20 09:00
3.3086,2016-10-20 08:00
3.3088,2016-10-20 07:00
3.3090,2016-10-20 06:00
3.3093,2016-10-20 05:00
3.3096,2016-10-20 04:00
3.3099,2016-10-20 03:00
3.3102,2016-10-20 02:00
3.3106,2016-10-20 01:00
3.3111,2016-10-20 00:00
3.3116,2016-10-19 23:00
3.3121,2016-10-19 22:00
3.3128,2016-10-19 21:00
3.3134,2016-10-19 20:00
3.3141,2016-10-19 19:00
3.3149,2016-10-19 18:00
3.3157,2016-10-19 17:00
3.3165,2016-10-19 16:00
3.3173,2016-10-19 15:00
3.3182,2016-10-19 14:00
3.3190,2016-10-19 13:00
3.3198,2016-10-19 12:00
3.3205,2016-10-19 11:00
3.3213,2016-10-19 10:00
3.3219,2016-10-19 09:00
3.3225,2016-10-19 08:00
3.3231,2016-10-19 07:00
3.3236,2016-10-19 06:00
3.3240,2016-10-19 05:00
3.3243,2016-10-19 04:00
3.3246,2016-10-19 03:00
3.3247,2016-10-19 02:00
3.3247,2016-10-19 01:00
3.3245,2016-10-19 00:00
3.3243,2016-10-18 23:00
3.3239,2016-10-18 22:00
3.3235,2016-10-18 21:00
3.3229,2016-10-18 20:00
3.3223,2016-10-18 19:00
3.3218,2016-10-18 18:00
3.3212,2016-10-18 17:00
3.3207,2016-10-18 16:00
3.3202,2016-10-18 15:00
3.3199,2016-10-18 14:00
3.3197,2016-10-18 13:00
3.3197,2016-10-18 12:00
3.3197,2016-10-18 11:00
3.3199,2016-10-18 10:00
3.3202,2016-10-18 09:00
3.3204,2016-10-18 08:00
3.3207,2016-10-18 07:00
3.3210,2016-10-18 06:00
3.3212,2016-10-18 05:00
3.3214,2016-10-18 04:00
3.3215,2016-10-18 03:00
3.3215,2016-10-18 02:00
3.3217,2016-10-18 01:00
3.3220,2016-10-18 00:00
3.3226,2016-10-17 23:00
3.3232,2016-10-17 22:00
3.3237,2016-10-17 21:00
3.3241,2016-10-17 20:00
3.3251,2016-10-17 19:00
3.3273,2016-10-17 18:00
3.3298,2016-10-17 17:00
3.3327,2016-10-17 16:00
3.3357,2016-10-17 15:00
3.3390,2016-10-17 14:00
3.3426,2016-10-17 13:00
3.3463,2016-10-17 12:00
3.3501,2016-10-17 11:00
3.3541,2016-10-17 10:00
3.3581,2016-10-17 09:00
3.3621,2016-10-17 08:00
3.3662,2016-10-17 07:00
3.3701,2016-10-17 06:00
3.3739,2016-10-17 05:00
3.3775,2016-10-17 04:00
3.3809,2016-10-17 03:00
3.3838,2016-10-17 02:00
3.3861,2016-10-17 01:00
3.3878,2016-10-17 00:00
3.3887,2016-10-16 23:00
3.3888,2016-10-16 22:00
3.3879,2016-10-16 21:00
3.3862,2016-10-16 20:00
3.3837,2016-10-16 19:00
3.3806,2016-10-16 18:00
3.3772,2016-10-16 17:00
3.3736,2016-10-16 16:00
3.3701,2016-10-16 15:00
3.3668,2016-10-16 14:00
3.3639,2016-10-16 13:00
3.3615,2016-10-16 12:00
3.3596,2016-10-16 11:00
3.3584,2016-10-16 10:00
3.3577,2016-10-16 09:00
3.3576,2016-10-16 08:00
3.3580,2016-10-16 07:00
3.3586,2016-10-16 06:00
3.3593,2016-10-16 05:00
3.3598,2016-10-16 04:00
3.3598,2016-10-16 03:00
3.3593,2016-10-16 02:00
3.3580,2016-10-16 01:00
3.3559,2016-10-16 00:00
3.3532,2016-10-15 23:00
3.3503,2016-10-15 22:00
3.3477,2016-10-15 21:00
3.3451,2016-10-15 20:00
3.3418,2016-10-15 19:00
3.3367,2016-10-15 18:00
3.3303,2016-10-15 17:00
3.3244,2016-10-15 16:00
3.3209,2016-10-15 15:00
3.3189,2016-10-15 14:00
3.3168,2016-10-15 13:00
3.3161,2016-10-15 12:00
3.3165,2016-10-15 11:00
3.3169,2016-10-15 10:00
3.3175,2016-10-15 09:00
3.3183,2016-10-15 08:00
3.3194,2016-10-15 07:00
3.3208,2016-10-15 06:00
3.3226,2016-10-15 05:00
3.3248,2016-10-15 04:00
3.3276,2016-10-15 03:00
3.3312,2016-10-15 02:00
3.3355,2016-10-15 01:00
3.3407,2016-10-15 00:00
3.3469,2016-10-14 23:00
3.3542,2016-10-14 22:00
3.3626,2016-10-14 21:00
3.3723,2016-10-14 20:00
3.3831,2016-10-14 19:00
3.3950,2016-10-14 18:00
3.4081,2016-10-14 17:00
3.4219,2016-10-14 16:00
3.4365,2016-10-14 15:00
3.4515,2016-10-14 14:00
3.4667,2016-10-14 13:00
3.4818,2016-10-14 12:00
3.4964,2016-10-14 11:00
3.5104,2016-10-14 10:00
3.5234,2016-10-14 09:00
3.5353,2016-10-14 08:00
3.5460,2016-10-14 07:00
3.5551,2016-10-14 06:00
3.5626,2016-10-14 05:00
3.5682,2016-10-14 04:00
3.5717,2016-10-14 03:00
3.5728,2016-10-14 02:00
3.5713,2016-10-14 01:00
3.5670,2016-10-14 00:00
3.5600,2016-10-13 23:00
3.5507,2016-10-13 22:00
3.5398,2016-10-13 21:00
3.5280,2016-10-13 20:00
3.5164,2016-10-13 19:00
3.5059,2016-10-13 18:00
3.4972,2016-10-13 17:00
3.4908,2016-10-13 16:00
3.4868,2016-10-13 15:00
3.4850,2016-10-13 14:00
3.4854,2016-10-13 13:00
3.4878,2016-10-13 12:00
3.4921,2016-10-13 11:00
3.4979,2016-10-13 10:00
3.5050,2016-10-13 09:00
3.5132,2016-10-13 08:00
3.5220,2016-10-13 07:00
3.5311,2016-10-13 06:00
3.5400,2016-10-13 05:00
3.5483,2016-10-13 04:00
3.5554,2016-10-13 03:00
3.5608,2016-10-13 02:00
3.5646,2016-10-13 01:00
3.5674,2016-10-13 00:00
3.5705,2016-10-12 23:00
3.5747,2016-10-12 22:00
3.5773,2016-10-12 21:00
3.5727,2016-10-12 20:00
3.5561,2016-10-12 19:00
3.5337,2016-10-12 18:00
3.5216,2016-10-12 17:00
3.5207,2016-10-12 16:00
3.5193,2016-10-12 15:00
3.5164,2016-10-12 14:00
3.5136,2016-10-12 13:00
3.5102,2016-10-12 12:00
3.5069,2016-10-12 11:00
3.5040,2016-10-12 10:00
3.5020,2016-10-12 09:00
3.5011,2016-10-12 08:00
3.5011,2016-10-12 07:00
3.5020,2016-10-12 06:00
3.5035,2016-10-12 05:00
3.5055,2016-10-12 04:00
3.5078,2016-10-12 03:00
3.5101,2016-10-12 02:00
3.5121,2016-10-12 01:00
3.5135,2016-10-12 00:00
3.5140,2016-10-11 23:00
3.5132,2016-10-11 22:00
3.5110,2016-10-11 21:00
3.5073,2016-10-11 20:00
3.5018,2016-10-11 19:00
3.4942,2016-10-11 18:00
3.4843,2016-10-11 17:00
3.4726,2016-10-11 16:00
3.4607,2016-10-11 15:00
3.4504,2016-10-11 14:00
3.4408,2016-10-11 13:00
3.4272,2016-10-11 12:00
3.4034,2016-10-11 11:00
3.3707,2016-10-11 10:00
3.3420,2016-10-11 09:00
3.3237,2016-10-11 08:00
3.3136,2016-10-11 07:00
3.3118,2016-10-11 06:00
3.3107,2016-10-11 05:00
3.3106,2016-10-11 04:00
3.3106,2016-10-11 03:00
3.3105,2016-10-11 02:00
3.3104,2016-10-11 01:00
3.3104,2016-10-11 00:00
3.3103,2016-10-10 23:00
3.3102,2016-10-10 22:00
3.3102,2016-10-10 21:00
3.3101,2016-10-10 20:00
3.3100,2016-10-10 19:00
3.3099,2016-10-10 18:00
3.3099,2016-10-10 17:00
3.3098,2016-10-10 16:00
3.3097,2016-10-10 15:00
3.3096,2016-10-10 14:00
3.3095,2016-10-10 13:00
3.3095,2016-10-10 12:00
3.3094,2016-10-10 11:00
3.3093,2016-10-10 10:00
3.3092,2016-10-10 09:00
3.3091,2016-10-10 08:00
3.3091,2016-10-10 07:00
3.3090,2016-10-10 06:00
3.3090,2016-10-10 05:00
3.3090,2016-10-10 04:00
3.3090,2016-10-10 03:00
3.3090,2016-10-10 02:00
3.3092,2016-10-10 01:00
3.3093,2016-10-10 00:00
3.3096,2016-10-09 23:00
3.3101,2016-10-09 22:00
3.3107,2016-10-09 21:00
3.3115,2016-10-09 20:00
3.3126,2016-10-09 19:00
3.3140,2016-10-09 18:00
3.3158,2016-10-09 17:00
3.3181,2016-10-09 16:00
3.3210,2016-10-09 15:00
3.3246,2016-10-09 14:00
3.3290,2016-10-09 13:00
3.3342,2016-10-09 12:00
3.3405,2016-10-09 11:00
3.3479,2016-10-09 10:00
3.3564,2016-10-09 09:00
3.3663,2016-10-09 08:00
3.3774,2016-10-09 07:00
3.3899,2016-10-09 06:00
3.4039,2016-10-09 05:00
3.4192,2016-10-09 04:00
3.4361,2016-10-09 03:00
3.4543,2016-10-09 02:00
3.4740,2016-10-09 01:00
3.4953,2016-10-09 00:00
3.5180,2016-10-08 23:00
3.5424,2016-10-08 22:00
3.5682,2016-10-08 21:00
3.5956,2016-10-08 20:00
3.6242,2016-10-08 19:00
3.6538,2016-10-08 18:00
3.6837,2016-10-08 17:00
3.7133,2016-10-08 16:00
3.7413,2016-10-08 15:00
3.7666,2016-10-08 14:00
3.7877,2016-10-08 13:00
3.8034,2016-10-08 12:00
3.8128,2016-10-08 11:00
3.8155,2016-10-08 10:00
3.8118,2016-10-08 09:00
3.8026,2016-10-08 08:00
3.7891,2016-10-08 07:00
3.7727,2016-10-08 06:00
3.7543,2016-10-08 05:00
3.7344,2016-10-08 04:00
3.7127,2016-10-08 03:00
3.6888,2016-10-08 02:00
3.6624,2016-10-08 01:00
3.6335,2016-10-08 00:00
3.6027,2016-10-07 23:00
3.5712,2016-10-07 22:00
3.5398,2016-10-07 21:00
3.5094,2016-10-07 20:00
3.4805,2016-10-07 19:00
3.4535,2016-10-07 18:00
3.4292,2016-10-07 17:00
3.4085,2016-10-07 16:00
3.3923,2016-10-07 15:00
3.3808,2016-10-07 14:00
3.3728,2016-10-07 13:00
3.3658,2016-10-07 12:00
3.3567,2016-10-07 11:00
3.3452,2016-10-07 10:00
3.3330,2016-10-07 09:00
3.3260,2016-10-07 08:00
3.3249,2016-10-07 07:00
3.3224,2016-10-07 06:00
3.3177,2016-10-07 05:00
3.3150,2016-10-07 04:00
3.3160,2016-10-07 03:00
3.3170,2016-10-07 02:00
3.3177,2016-10-07 01:00
3.3182,2016-10-07 00:00
3.3180,2016-10-06 23:00
3.3178,2016-10-06 22:00
3.3179,2016-10-06 21:00
3.3178,2016-10-06 20:00
3.3176,2016-10-06 19:00
3.3172,2016-10-06 18:00
3.3165,2016-10-06 17:00
3.3157,2016-10-06 16:00
3.3146,2016-10-06 15:00
3.3133,2016-10-06 14:00
3.3119,2016-10-06 13:00
3.3104,2016-10-06 12:00
3.3089,2016-10-06 11:00
3.3075,2016-10-06 10:00
3.3062,2016-10-06 09:00
3.3051,2016-10-06 08:00
3.3042,2016-10-06 07:00
3.3036,2016-10-06 06:00
3.3034,2016-10-06 05:00
3.3035,2016-10-06 04:00
3.3039,2016-10-06 03:00
3.3047,2016-10-06 02:00
3.3056,2016-10-06 01:00
3.3066,2016-10-06 00:00
3.3075,2016-10-05 23:00
3.3081,2016-10-05 22:00
3.3083,2016-10-05 21:00
3.3078,2016-10-05 20:00
3.3069,2016-10-05 19:00
3.3056,2016-10-05 18:00
3.3041,2016-10-05 17:00
3.3029,2016-10-05 16:00
3.3019,2016-10-05 15:00
3.3011,2016-10-05 14:00
3.2994,2016-10-05 13:00
3.2964,2016-10-05 12:00
3.2922,2016-10-05 11:00
3.2893,2016-10-05 10:00
3.2888,2016-10-05 09:00
3.2884,2016-10-05 08:00
3.2882,2016-10-05 07:00
3.2879,2016-10-05 06:00
3.2876,2016-10-05 05:00
3.2873,2016-10-05 04:00
3.2870,2016-10-05 03:00
3.2868,2016-10-05 02:00
3.2865,2016-10-05 01:00
3.2862,2016-10-05 00:00
3.2859,2016-10-04 23:00
3.2856,2016-10-04 22:00
3.2853,2016-10-04 21:00
3.2850,2016-10-04 20:00
3.2847,2016-10-04 19:00
3.2844,2016-10-04 18:00
3.2841,2016-10-04 17:00
3.2837,2016-10-04 16:00
3.2834,2016-10-04 15:00
3.2831,2016-10-04 14:00
3.2828,2016-10-04 13:00
3.2825,2016-10-04 12:00
3.2821,2016-10-04 11:00
3.2818,2016-10-04 10:00
3.2815,2016-10-04 09:00
3.2811,2016-10-04 08:00
3.2808,2016-10-04 07:00
3.2805,2016-10-04 06:00
3.2801,2016-10-04 05:00
3.2798,2016-10-04 04:00
3.2794,2016-10-04 03:00
3.2791,2016-10-04 02:00
3.2787,2016-10-04 01:00
3.2783,2016-10-04 00:00
3.2780,2016-10-03 23:00
3.2776,2016-10-03 22:00
3.2773,2016-10-03 21:00
3.2769,2016-10-03 20:00
3.2765,2016-10-03 19:00
3.2761,2016-10-03 18:00
3.2758,2016-10-03 17:00
3.2754,2016-10-03 16:00
3.2750,2016-10-03 15:00
3.2746,2016-10-03 14:00
3.2742,2016-10-03 13:00
3.2738,2016-10-03 12:00
3.2734,2016-10-03 11:00
3.2730,2016-10-03 10:00
3.2726,2016-10-03 09:00
3.2722,2016-10-03 08:00
3.2718,2016-10-03 07:00
3.2714,2016-10-03 06:00
3.2710,2016-10-03 05:00
3.2706,2016-10-03 04:00
3.2702,2016-10-03 03:00
3.2698,2016-10-03 02:00
3.2694,2016-10-03 01:00
3.2689,2016-10-03 00:00
3.2685,2016-10-02 23:00
3.2681,2016-10-02 22:00
3.2677,2016-10-02 21:00
3.2673,2016-10-02 20:00
3.2669,2016-10-02 19:00
3.2665,2016-10-02 18:00
3.2661,2016-10-02 17:00
3.2656,2016-10-02 16:00
3.2652,2016-10-02 15:00
3.2648,2016-10-02 14:00
3.2644,2016-10-02 13:00
3.2640,2016-10-02 12:00
3.2636,2016-10-02 11:00
3.2632,2016-10-02 10:00
3.2629,2016-10-02 09:00
3.2625,2016-10-02 08:00
3.2621,2016-10-02 07:00
3.2617,2016-10-02 06:00
3.2613,2016-10-02 05:00
3.2609,2016-10-02 04:00
3.2606,2016-10-02 03:00
3.2602,2016-10-02 02:00
3.2598,2016-10-02 01:00
3.2595,2016-10-02 00:00
3.2591,2016-10-01 23:00
3.2587,2016-10-01 22:00
3.2584,2016-10-01 21:00
3.2580,2016-10-01 20:00
3.2576,2016-10-01 19:00
3.2573,2016-10-01 18:00
3.2569,2016-10-01 17:00
3.2566,2016-10-01 16:00
3.2562,2016-10-01 15:00
3.2558,2016-10-01 14:00
3.2555,2016-10-01 13:00
3.2551,2016-10-01 12:00
3.2548,2016-10-01 11:00
3.2545,2016-10-01 10:00
3.2541,2016-10-01 09:00
3.2538,2016-10-01 08:00
3.2534,2016-10-01 07:00
3.2531,2016-10-01 06:00
3.2527,2016-10-01 05:00
3.2524,2016-10-01 04:00
3.2520,2016-10-01 03:00
3.2517,2016-10-01 02:00
3.2513,2016-10-01 01:00
3.2510,2016-10-01 00:00
3.2506,2016-09-30 23:00
3.2503,2016-09-30 22:00
3.2499,2016-09-30 21:00
3.2495,2016-09-30 20:00
3.2492,2016-09-30 19:00
3.2488,2016-09-30 18:00
3.2484,2016-09-30 17:00
3.2480,2016-09-30 16:00
3.2476,2016-09-30 15:00
3.2472,2016-09-30 14:00
3.2468,2016-09-30 13:00
3.2464,2016-09-30 12:00
3.2460,2016-09-30 11:00
3.2456,2016-09-30 10:00
3.2452,2016-09-30 09:00
3.2448,2016-09-30 08:00
3.2443,2016-09-30 07:00
3.2439,2016-09-30 06:00
3.2435,2016-09-30 05:00
3.2430,2016-09-30 04:00
3.2426,2016-09-30 03:00
3.2421,2016-09-30 02:00
3.2417,2016-09-30 01:00
3.2412,2016-09-30 00:00
3.2408,2016-09-29 23:00
3.2403,2016-09-29 22:00
3.2398,2016-09-29 21:00
3.2394,2016-09-29 20:00
3.2389,2016-09-29 19:00
3.2384,2016-09-29 18:00
3.2379,2016-09-29 17:00
3.2374,2016-09-29 16:00
3.2369,2016-09-29 15:00
3.2364,2016-09-29 14:00
3.2359,2016-09-29 13:00
3.2354,2016-09-29 12:00
3.2349,2016-09-29 11:00
3.2344,2016-09-29 10:00
3.2338,2016-09-29 09:00
3.2333,2016-09-29 08:00
3.2328,2016-09-29 07:00
3.2323,2016-09-29 06:00
3.2317,2016-09-29 05:00
3.2312,2016-09-29 04:00
3.2307,2016-09-29 03:00
3.2301,2016-09-29 02:00
3.2296,2016-09-29 01:00
3.2291,2016-09-29 00:00
3.2285,2016-09-28 23:00
3.2280,2016-09-28 22:00
3.2275,2016-09-28 21:00
3.2270,2016-09-28 20:00
3.2265,2016-09-28 19:00
3.2261,2016-09-28 18:00
3.2257,2016-09-28 17:00
3.2254,2016-09-28 16:00
3.2251,2016-09-28 15:00
3.2249,2016-09-28 14:00
3.2248,2016-09-28 13:00
3.2248,2016-09-28 12:00
3.2251,2016-09-28 11:00
3.2255,2016-09-28 10:00
3.2262,2016-09-28 09:00
3.2273,2016-09-28 08:00
3.2288,2016-09-28 07:00
3.2308,2016-09-28 06:00
3.2335,2016-09-28 05:00
3.2369,2016-09-28 04:00
3.2413,2016-09-28 03:00
3.2468,2016-09-28 02:00
3.2537,2016-09-28 01:00
3.2621,2016-09-28 00:00
3.2723,2016-09-27 23:00
3.2847,2016-09-27 22:00
3.2995,2016-09-27 21:00
3.3170,2016-09-27 20:00
3.3375,2016-09-27 19:00
3.3614,2016-09-27 18:00
3.3890,2016-09-27 17:00
3.4205,2016-09-27 16:00
3.4562,2016-09-27 15:00
3.4963,2016-09-27 14:00
3.5409,2016-09-27 13:00
3.5900,2016-09-27 12:00
3.6436,2016-09-27 11:00
3.7015,2016-09-27 10:00
3.7633,2016-09-27 09:00
3.8284,2016-09-27 08:00
3.8961,2016-09-27 07:00
3.9655,2016-09-27 06:00
4.0352,2016-09-27 05:00
4.1039,2016-09-27 04:00
4.1698,2016-09-27 03:00
4.2312,2016-09-27 02:00
4.2861,2016-09-27 01:00
4.3327,2016-09-27 00:00
4.3693,2016-09-26 23:00
4.3948,2016-09-26 22:00
4.4085,2016-09-26 21:00
4.4106,2016-09-26 20:00
4.4019,2016-09-26 19:00
4.3842,2016-09-26 18:00
4.3597,2016-09-26 17:00
4.3313,2016-09-26 16:00
4.3017,2016-09-26 15:00
4.2739,2016-09-26 14:00
4.2504,2016-09-26 13:00
4.2331,2016-09-26 12:00
4.2235,2016-09-26 11:00
4.2221,2016-09-26 10:00
4.2293,2016-09-26 09:00
4.2449,2016-09-26 08:00
4.2688,2016-09-26 07:00
4.3014,2016-09-26 06:00
4.3430,2016-09-26 05:00
4.3940,2016-09-26 04:00
4.4536,2016-09-26 03:00
4.5198,2016-09-26 02:00
4.5883,2016-09-26 01:00
4.6525,2016-09-26 00:00
4.7041,2016-09-25 23:00
4.7341,2016-09-25 22:00
4.7343,2016-09-25 21:00
4.7001,2016-09-25 20:00
4.6340,2016-09-25 19:00
4.5480,2016-09-25 18:00
4.4607,2016-09-25 17:00
4.3883,2016-09-25 16:00
4.3348,2016-09-25 15:00
4.2870,2016-09-25 14:00
4.2227,2016-09-25 13:00
4.1242,2016-09-25 12:00
4.0093,2016-09-25 11:00
3.9463,2016-09-25 10:00
3.9709,2016-09-25 09:00
4.0558,2016-09-25 08:00
4.1643,2016-09-25 07:00
4.2839,2016-09-25 06:00
4.4156,2016-09-25 05:00
4.5603,2016-09-25 04:00
4.7193,2016-09-25 03:00
4.8936,2016-09-25 02:00
5.0846,2016-09-25 01:00
5.2936,2016-09-25 00:00
5.5223,2016-09-24 23:00
5.7723,2016-09-24 22:00
6.0454,2016-09-24 21:00
6.3437,2016-09-24 20:00
6.6694,2016-09-24 19:00
7.0249,2016-09-24 18:00
7.4130,2016-09-24 17:00
7.8368,2016-09-24 16:00
8.2997,2016-09-24 15:00
8.8056,2016-09-24 14:00
9.3589,2016-09-24 13:00
9.9648,2016-09-24 12:00
10.6288,2016-09-24 11:00
11.3578,2016-09-24 10:00
12.1591,2016-09-24 09:00
13.0414,2016-09-24 08:00
14.0145,2016-09-24 07:00
15.0896,2016-09-24 06:00
16.2791,2016-09-24 05:00
17.5972,2016-09-24 04:00
19.0598,2016-09-24 03:00
20.6847,2016-09-24 02:00
22.4914,2016-09-24 01:00
24.5017,2016-09-24 00:00
26.7397,2016-09-23 23:00
29.2313,2016-09-23 22:00
32.0047,2016-09-23 21:00
35.0892,2016-09-23 20:00
38.5148,2016-09-23 19:00
42.3110,2016-09-23 18:00
46.5048,2016-09-23 17:00
51.1186,2016-09-23 16:00
56.1678,2016-09-23 15:00
61.6557,2016-09-23 14:00
67.5651,2016-09-23 13:00
73.8440,2016-09-23 12:00
80.3878,2016-09-23 11:00
87.0168,2016-09-23 10:00
93.4560,2016-09-23 09:00
99.3329,2016-09-23 08:00
104.2166,2016-09-23 07:00
107.6993,2016-09-23 06:00
109.3652,2016-09-23 05:00
109.0609,2016-09-23 04:00
106.9512,2016-09-23 03:00
103.4861,2016-09-23 02:00
99.2243,2016-09-23 01:00
94.5277,2016-09-23 00:00
89.4413,2016-09-22 23:00
83.7240,2016-09-22 22:00
77.0873,2016-09-22 21:00
69.5720,2016-09-22 20:00
61.5884,2016-09-22 19:00
53.5743,2016-09-22 18:00
45.9415,2016-09-22 17:00
39.1578,2016-09-22 16:00
33.5176,2016-09-22 15:00
28.9144,2016-09-22 14:00
25.1492,2016-09-22 13:00
21.9257,2016-09-22 12:00
19.0999,2016-09-22 11:00
16.0437,2016-09-22 10:00
13.3048,2016-09-22 09:00
11.4486,2016-09-22 08:00
10.1560,2016-09-22 07:00
8.8088,2016-09-22 06:00
6.9032,2016-09-22 05:00
4.7565,2016-09-22 04:00
3.4275,2016-09-22 03:00
3.0917,2016-09-22 02:00
3.0912,2016-09-22 01:00
3.0907,2016-09-22 00:00
3.0903,2016-09-21 23:00
3.0898,2016-09-21 22:00
3.0893,2016-09-21 21:00
3.0888,2016-09-21 20:00
3.0883,2016-09-21 19:00
3.0878,2016-09-21 18:00
3.0873,2016-09-21 17:00
3.0868,2016-09-21 16:00
3.0863,2016-09-21 15:00
3.0858,2016-09-21 14:00
3.0852,2016-09-21 13:00
3.0847,2016-09-21 12:00
3.0842,2016-09-21 11:00
3.0837,2016-09-21 10:00
3.0831,2016-09-21 09:00
3.0826,2016-09-21 08:00
3.0821,2016-09-21 07:00
3.0816,2016-09-21 06:00
3.0811,2016-09-21 05:00
3.0806,2016-09-21 04:00
3.0801,2016-09-21 03:00
3.0797,2016-09-21 02:00
3.0793,2016-09-21 01:00
3.0790,2016-09-21 00:00
3.0788,2016-09-20 23:00
3.0787,2016-09-20 22:00
3.0788,2016-09-20 21:00
3.0791,2016-09-20 20:00
3.0798,2016-09-20 19:00
3.0808,2016-09-20 18:00
3.0823,2016-09-20 17:00
3.0844,2016-09-20 16:00
3.0873,2016-09-20 15:00
3.0911,2016-09-20 14:00
3.0960,2016-09-20 13:00
3.1020,2016-09-20 12:00
3.1093,2016-09-20 11:00
3.1180,2016-09-20 10:00
3.1281,2016-09-20 09:00
3.1396,2016-09-20 08:00
3.1523,2016-09-20 07:00
3.1658,2016-09-20 06:00
3.1788,2016-09-20 05:00
3.1889,2016-09-20 04:00
3.1924,2016-09-20 03:00
3.1842,2016-09-20 02:00
3.1606,2016-09-20 01:00
3.1234,2016-09-20 00:00
3.0831,2016-09-19 23:00
3.0655,2016-09-19 22:00
3.0646,2016-09-19 21:00
3.0647,2016-09-19 20:00
3.0651,2016-09-19 19:00
3.0657,2016-09-19 18:00
3.0666,2016-09-19 17:00
3.0678,2016-09-19 16:00
3.0695,2016-09-19 15:00
3.0716,2016-09-19 14:00
3.0743,2016-09-19 13:00
3.0777,2016-09-19 12:00
3.0820,2016-09-19 11:00
3.0872,2016-09-19 10:00
3.0936,2016-09-19 09:00
3.1013,2016-09-19 08:00
3.1107,2016-09-19 07:00
3.1218,2016-09-19 06:00
3.1351,2016-09-19 05:00
3.1508,2016-09-19 04:00
3.1693,2016-09-19 03:00
3.1910,2016-09-19 02:00
3.2163,2016-09-19 01:00
3.2456,2016-09-19 00:00
3.2794,2016-09-18 23:00
3.3184,2016-09-18 22:00
3.3630,2016-09-18 21:00
3.4140,2016-09-18 20:00
3.4719,2016-09-18 19:00
3.5375,2016-09-18 18:00
3.6115,2016-09-18 17:00
3.6949,2016-09-18 16:00
3.7886,2016-09-18 15:00
3.8935,2016-09-18 14:00
4.0108,2016-09-18 13:00
4.1417,2016-09-18 12:00
4.2875,2016-09-18 11:00
4.4497,2016-09-18 10:00
4.6299,2016-09-18 09:00
4.8299,2016-09-18 08:00
5.0517,2016-09-18 07:00
5.2976,2016-09-18 06:00
5.5701,2016-09-18 05:00
5.8718,2016-09-18 04:00
6.2058,2016-09-18 03:00
6.5755,2016-09-18 02:00
6.9847,2016-09-18 01:00
7.4374,2016-09-18 00:00
7.9382,2016-09-17 23:00
8.4920,2016-09-17 22:00
9.1041,2016-09-17 21:00
9.7803,2016-09-17 20:00
10.5265,2016-09-17 19:00
11.3488,2016-09-17 18:00
12.2534,2016-09-17 17:00
13.2460,2016-09-17 16:00
14.3312,2016-09-17 15:00
15.5125,2016-09-17 14:00
16.7900,2016-09-17 13:00
18.1603,2016-09-17 12:00
19.6135,2016-09-17 11:00
21.1316,2016-09-17 10:00
22.6855,2016-09-17 09:00
24.2328,2016-09-17 08:00
25.7164,2016-09-17 07:00
27.0657,2016-09-17 06:00
28.2018,2016-09-17 05:00
29.0469,2016-09-17 04:00
29.5357,2016-09-17 03:00
29.6247,2016-09-17 02:00
29.2956,2016-09-17 01:00
28.5566,2016-09-17 00:00
27.4504,2016-09-16 23:00
26.0719,2016-09-16 22:00
24.5690,2016-09-16 21:00
23.1066,2016-09-16 20:00
21.8108,2016-09-16 19:00
20.7454,2016-09-16 18:00
19.9209,2016-09-16 17:00
19.2946,2016-09-16 16:00
18.7611,2016-09-16 15:00
18.1702,2016-09-16 14:00
17.3610,2016-09-16 13:00
16.1693,2016-09-16 12:00
14.4649,2016-09-16 11:00
12.3395,2016-09-16 10:00
10.2731,2016-09-16 09:00
8.7557,2016-09-16 08:00
7.6196,2016-09-16 07:00
6.4824,2016-09-16 06:00
5.2567,2016-09-16 05:00
4.1450,2016-09-16 04:00
3.2945,2016-09-16 03:00
3.0426,2016-09-16 02:00
3.0546,2016-09-16 01:00
3.0690,2016-09-16 00:00
3.0863,2016-09-15 23:00
3.1070,2016-09-15 22:00
3.1315,2016-09-15 21:00
3.1604,2016-09-15 20:00
3.1943,2016-09-15 19:00
3.2336,2016-09-15 18:00
3.2791,2016-09-15 17:00
3.3315,2016-09-15 16:00
3.3914,2016-09-15 15:00
3.4597,2016-09-15 14:00
3.5369,2016-09-15 13:00
3.6241,2016-09-15 12:00
3.7219,2016-09-15 11:00
3.8312,2016-09-15 10:00
3.9530,2016-09-15 09:00
4.0879,2016-09-15 08:00
4.2369,2016-09-15 07:00
4.4006,2016-09-15 06:00
4.5799,2016-09-15 05:00
4.7751,2016-09-15 04:00
4.9866,2016-09-15 03:00
5.2143,2016-09-15 02:00
5.4579,2016-09-15 01:00
5.7162,2016-09-15 00:00
5.9874,2016-09-14 23:00
6.2690,2016-09-14 22:00
6.5572,2016-09-14 21:00
6.8471,2016-09-14 20:00
7.1327,2016-09-14 19:00
7.4071,2016-09-14 18:00
7.6627,2016-09-14 17:00
7.8919,2016-09-14 16:00
8.0879,2016-09-14 15:00
8.2452,2016-09-14 14:00
8.3602,2016-09-14 13:00
8.4313,2016-09-14 12:00
8.4585,2016-09-14 11:00
8.4433,2016-09-14 10:00
8.3893,2016-09-14 09:00
8.3035,2016-09-14 08:00
8.1977,2016-09-14 07:00
8.0872,2016-09-14 06:00
7.9875,2016-09-14 05:00
7.9085,2016-09-14 04:00
7.8508,2016-09-14 03:00
7.8073,2016-09-14 02:00
7.7702,2016-09-14 01:00
7.7385,2016-09-14 00:00
7.7211,2016-09-13 23:00
7.7304,2016-09-13 22:00
7.7712,2016-09-13 21:00
7.8309,2016-09-13 20:00
7.8787,2016-09-13 19:00
7.8691,2016-09-13 18:00
7.7461,2016-09-13 17:00
7.4463,2016-09-13 16:00
6.9286,2016-09-13 15:00
6.2718,2016-09-13 14:00
5.7301,2016-09-13 13:00
5.3592,2016-09-13 12:00
5.0952,2016-09-13 11:00
4.8204,2016-09-13 10:00
4.3923,2016-09-13 09:00
3.7881,2016-09-13 08:00
3.2037,2016-09-13 07:00
3.0195,2016-09-13 06:00
3.0337,2016-09-13 05:00
3.0501,2016-09-13 04:00
3.0690,2016-09-13 03:00
3.0907,2016-09-13 02:00
3.1156,2016-09-13 01:00
3.1439,2016-09-13 00:00
3.1761,2016-09-12 23:00
3.2126,2016-09-12 22:00
3.2537,2016-09-12 21:00
3.3000,2016-09-12 20:00
3.3520,2016-09-12 19:00
3.4101,2016-09-12 18:00
3.4749,2016-09-12 17:00
3.5471,2016-09-12 16:00
3.6273,2016-09-12 15:00
3.7163,2016-09-12 14:00
3.8148,2016-09-12 13:00
3.9237,2016-09-12 12:00
4.0439,2016-09-12 11:00
4.1764,2016-09-12 10:00
4.3224,2016-09-12 09:00
4.4831,2016-09-12 08:00
4.6599,2016-09-12 07:00
4.8543,2016-09-12 06:00
5.0680,2016-09-12 05:00
5.3028,2016-09-12 04:00
5.5608,2016-09-12 03:00
5.8444,2016-09-12 02:00
6.1560,2016-09-12 01:00
6.4985,2016-09-12 00:00
6.8750,2016-09-11 23:00
7.2891,2016-09-11 22:00
7.7447,2016-09-11 21:00
8.2460,2016-09-11 20:00
8.7980,2016-09-11 19:00
9.4059,2016-09-11 18:00
10.0757,2016-09-11 17:00
10.8138,2016-09-11 16:00
11.6276,2016-09-11 15:00
12.5248,2016-09-11 14:00
13.5142,2016-09-11 13:00
14.6052,2016-09-11 12:00
15.8080,2016-09-11 11:00
17.1338,2016-09-11 10:00
18.5945,2016-09-11 09:00
20.2030,2016-09-11 08:00
21.9734,2016-09-11 07:00
23.9206,2016-09-11 06:00
26.0611,2016-09-11 05:00
28.4126,2016-09-11 04:00
30.9946,2016-09-11 03:00
33.8280,2016-09-11 02:00
36.9346,2016-09-11 01:00
40.3356,2016-09-11 00:00
44.0489,2016-09-10 23:00
48.0842,2016-09-10 22:00
52.4350,2016-09-10 21:00
57.0673,2016-09-10 20:00
61.9041,2016-09-10 19:00
66.8073,2016-09-10 18:00
71.5597,2016-09-10 17:00
75.8532,2016-09-10 16:00
79.2978,2016-09-10 15:00
81.4647,2016-09-10 14:00
81.9728,2016-09-10 13:00
80.5972,2016-09-10 12:00
77.3417,2016-09-10 11:00
72.4378,2016-09-10 10:00
66.3336,2016-09-10 09:00
59.7149,2016-09-10 08:00
53.3943,2016-09-10 07:00
47.9802,2016-09-10 06:00
43.6166,2016-09-10 05:00
40.0130,2016-09-10 04:00
36.5939,2016-09-10 03:00
32.7228,2016-09-10 02:00
28.1107,2016-09-10 01:00
23.1359,2016-09-10 00:00
18.5335,2016-09-09 23:00
14.8763,2016-09-09 22:00
12.0419,2016-09-09 21:00
9.3914,2016-09-09 20:00
6.9793,2016-09-09 19:00
5.6366,2016-09-09 18:00
5.2238,2016-09-09 17:00
5.1419,2016-09-09 16:00
5.2545,2016-09-09 15:00
5.5077,2016-09-09 14:00
5.8068,2016-09-09 13:00
6.1370,2016-09-09 12:00
6.5016,2016-09-09 11:00
6.9042,2016-09-09 10:00
7.3487,2016-09-09 09:00
7.8397,2016-09-09 08:00
8.3818,2016-09-09 07:00
8.9802,2016-09-09 06:00
9.6406,2016-09-09 05:00
10.3687,2016-09-09 04:00
11.1707,2016-09-09 03:00
12.0526,2016-09-09 02:00
13.0203,2016-09-09 01:00
14.0788,2016-09-09 00:00
15.2318,2016-09-08 23:00
16.4807,2016-09-08 22:00
17.8230,2016-09-08 21:00
19.2505,2016-09-08 20:00
20.7468,2016-09-08 19:00
22.2832,2016-09-08 18:00
23.8144,2016-09-08 17:00
25.2728,2016-09-08 16:00
26.5633,2016-09-08 15:00
27.5596,2016-09-08 14:00
28.1074,2016-09-08 13:00
28.0401,2016-09-08 12:00
27.2146,2016-09-08 11:00
25.5675,2016-09-08 10:00
23.1753,2016-09-08 09:00
20.2808,2016-09-08 08:00
17.2485,2016-09-08 07:00
14.4570,2016-09-08 06:00
12.1823,2016-09-08 05:00
10.5350,2016-09-08 04:00
9.4740,2016-09-08 03:00
8.8702,2016-09-08 02:00
8.5739,2016-09-08 01:00
8.4515,2016-09-08 00:00
8.3967,2016-09-07 23:00
8.3368,2016-09-07 22:00
8.2461,2016-09-07 21:00
8.1129,2016-09-07 20:00
7.8901,2016-09-07 19:00
7.5519,2016-09-07 18:00
7.1220,2016-09-07 17:00
6.6559,2016-09-07 16:00
6.1088,2016-09-07 15:00
5.4432,2016-09-07 14:00
4.7444,2016-09-07 13:00
3.9999,2016-09-07 12:00
3.4253,2016-09-07 11:00
3.1238,2016-09-07 10:00
2.9933,2016-09-07 09:00
2.9535,2016-09-07 08:00
2.9479,2016-09-07 07:00
2.9405,2016-09-07 06:00
2.9381,2016-09-07 05:00
2.9439,2016-09-07 04:00
2.9494,2016-09-07 03:00
2.9542,2016-09-07 02:00
2.9579,2016-09-07 01:00
2.9604,2016-09-07 00:00
2.9610,2016-09-06 23:00
2.9598,2016-09-06 22:00
2.9565,2016-09-06 21:00
2.9513,2016-09-06 20:00
2.9445,2016-09-06 19:00
2.9368,2016-09-06 18:00
2.9289,2016-09-06 17:00
2.9220,2016-09-06 16:00
2.9167,2016-09-06 15:00
2.9134,2016-09-06 14:00
2.9125,2016-09-06 13:00
2.9142,2016-09-06 12:00
2.9187,2016-09-06 11:00
2.9258,2016-09-06 10:00
2.9354,2016-09-06 09:00
2.9472,2016-09-06 08:00
2.9609,2016-09-06 07:00
2.9758,2016-09-06 06:00
2.9914,2016-09-06 05:00
3.0066,2016-09-06 04:00
3.0202,2016-09-06 03:00
3.0306,2016-09-06 02:00
3.0359,2016-09-06 01:00
3.0353,2016-09-06 00:00
3.0292,2016-09-05 23:00
3.0200,2016-09-05 22:00
3.0117,2016-09-05 21:00
3.0071,2016-09-05 20:00
3.0046,2016-09-05 19:00
2.9957,2016-09-05 18:00
2.9680,2016-09-05 17:00
2.9200,2016-09-05 16:00
2.8602,2016-09-05 15:00
2.8241,2016-09-05 14:00
2.8240,2016-09-05 13:00
2.8239,2016-09-05 12:00
2.8239,2016-09-05 11:00
2.8238,2016-09-05 10:00
2.8237,2016-09-05 09:00
2.8236,2016-09-05 08:00
2.8236,2016-09-05 07:00
2.8235,2016-09-05 06:00
2.8234,2016-09-05 05:00
2.8233,2016-09-05 04:00
2.8232,2016-09-05 03:00
2.8231,2016-09-05 02:00
2.8230,2016-09-05 01:00
2.8229,2016-09-05 00:00
2.8228,2016-09-04 23:00
2.8227,2016-09-04 22:00
2.8226,2016-09-04 21:00
2.8225,2016-09-04 20:00
2.8224,2016-09-04 19:00
2.8222,2016-09-04 18:00
2.8221,2016-09-04 17:00
2.8220,2016-09-04 16:00
2.8218,2016-09-04 15:00
2.8217,2016-09-04 14:00
2.8216,2016-09-04 13:00
2.8214,2016-09-04 12:00
2.8213,2016-09-04 11:00
2.8211,2016-09-04 10:00
2.8210,2016-09-04 09:00
2.8208,2016-09-04 08:00
2.8207,2016-09-04 07:00
2.8205,2016-09-04 06:00
2.8203,2016-09-04 05:00
2.8202,2016-09-04 04:00
2.8200,2016-09-04 03:00
2.8198,2016-09-04 02:00
2.8196,2016-09-04 01:00
2.8194,2016-09-04 00:00
2.8193,2016-09-03 23:00
2.8191,2016-09-03 22:00
2.8189,2016-09-03 21:00
2.8187,2016-09-03 20:00
2.8185,2016-09-03 19:00
2.8183,2016-09-03 18:00
2.8181,2016-09-03 17:00
2.8178,2016-09-03 16:00
2.8176,2016-09-03 15:00
2.8174,2016-09-03 14:00
2.8172,2016-09-03 13:00
2.8170,2016-09-03 12:00
2.8167,2016-09-03 11:00
2.8165,2016-09-03 10:00
2.8163,2016-09-03 09:00
2.8160,2016-09-03 08:00
2.8158,2016-09-03 07:00
2.8156,2016-09-03 06:00
2.8153,2016-09-03 05:00
2.8151,2016-09-03 04:00
2.8148,2016-09-03 03:00
2.8146,2016-09-03 02:00
2.8143,2016-09-03 01:00
2.8141,2016-09-03 00:00
2.8139,2016-09-02 23:00
2.8136,2016-09-02 22:00
2.8134,2016-09-02 21:00
2.8132,2016-09-02 20:00
2.8129,2016-09-02 19:00
2.8127,2016-09-02 18:00
2.8125,2016-09-02 17:00
2.8123,2016-09-02 16:00
2.8121,2016-09-02 15:00
2.8119,2016-09-02 14:00
2.8117,2016-09-02 13:00
2.8115,2016-09-02 12:00
2.8114,2016-09-02 11:00
2.8112,2016-09-02 10:00
2.8111,2016-09-02 09:00
2.8110,2016-09-02 08:00
2.8109,2016-09-02 07:00
2.8109,2016-09-02 06:00
2.8109,2016-09-02 05:00
2.8110,2016-09-02 04:00
2.8111,2016-09-02 03:00
2.8113,2016-09-02 02:00
2.8117,2016-09-02 01:00
2.8122,2016-09-02 00:00
2.8129,2016-09-01 23:00
2.8138,2016-09-01 22:00
2.8150,2016-09-01 21:00
2.8165,2016-09-01 20:00
2.8184,2016-09-01 19:00
2.8207,2016-09-01 18:00
2.8236,2016-09-01 17:00
2.8271,2016-09-01 16:00
2.8311,2016-09-01 15:00
2.8359,2016-09-01 14:00
2.8415,2016-09-01 13:00
2.8478,2016-09-01 12:00
2.8548,2016-09-01 11:00
2.8625,2016-09-01 10:00
2.8709,2016-09-01 09:00
2.8799,2016-09-01 08:00
2.8892,2016-09-01 07:00
2.8987,2016-09-01 06:00
2.9083,2016-09-01 05:00
2.9175,2016-09-01 04:00
2.9263,2016-09-01 03:00
2.9344,2016-09-01 02:00
2.9416,2016-09-01 01:00
2.9477,2016-09-01 00:00
2.9527,2016-08-31 23:00
2.9567,2016-08-31 22:00
2.9599,2016-08-31 21:00
2.9625,2016-08-31 20:00
2.9649,2016-08-31 19:00
2.9678,2016-08-31 18:00
2.9717,2016-08-31 17:00
2.9772,2016-08-31 16:00
2.9849,2016-08-31 15:00
2.9953,2016-08-31 14:00
3.0085,2016-08-31 13:00
3.0247,2016-08-31 12:00
3.0437,2016-08-31 11:00
3.0649,2016-08-31 10:00
3.0876,2016-08-31 09:00
3.1112,2016-08-31 08:00
3.1348,2016-08-31 07:00
3.1575,2016-08-31 06:00
3.1789,2016-08-31 05:00
3.1985,2016-08-31 04:00
3.2162,2016-08-31 03:00
3.2321,2016-08-31 02:00
3.2466,2016-08-31 01:00
3.2597,2016-08-31 00:00
3.2719,2016-08-30 23:00
3.2833,2016-08-30 22:00
3.2940,2016-08-30 21:00
3.3041,2016-08-30 20:00
3.3140,2016-08-30 19:00
3.3241,2016-08-30 18:00
3.3348,2016-08-30 17:00
3.3464,2016-08-30 16:00
3.3588,2016-08-30 15:00
3.3710,2016-08-30 14:00
3.3817,2016-08-30 13:00
3.3887,2016-08-30 12:00
3.3899,2016-08-30 11:00
3.3830,2016-08-30 10:00
3.3663,2016-08-30 09:00
3.3396,2016-08-30 08:00
3.3052,2016-08-30 07:00
3.2686,2016-08-30 06:00
3.2367,2016-08-30 05:00
3.2131,2016-08-30 04:00
3.1927,2016-08-30 03:00
3.1586,2016-08-30 02:00
3.0895,2016-08-30 01:00
2.9814,2016-08-30 00:00
2.8768,2016-08-29 23:00
2.8424,2016-08-29 22:00
2.8534,2016-08-29 21:00
2.8668,2016-08-29 20:00
2.8829,2016-08-29 19:00
2.9022,2016-08-29 18:00
2.9250,2016-08-29 17:00
2.9519,2016-08-29 16:00
2.9832,2016-08-29 15:00
3.0194,2016-08-29 14:00
3.0609,2016-08-29 13:00
3.1080,2016-08-29 12:00
3.1613,2016-08-29 11:00
3.2210,2016-08-29 10:00
3.2873,2016-08-29 09:00
3.3606,2016-08-29 08:00
3.4409,2016-08-29 07:00
3.5282,2016-08-29 06:00
3.6224,2016-08-29 05:00
3.7232,2016-08-29 04:00
3.8301,2016-08-29 03:00
3.9425,2016-08-29 02:00
4.0592,2016-08-29 01:00
4.1793,2016-08-29 00:00
4.3012,2016-08-28 23:00
4.4232,2016-08-28 22:00
4.5434,2016-08-28 21:00
4.6599,2016-08-28 20:00
4.7707,2016-08-28 19:00
4.8740,2016-08-28 18:00
4.9681,2016-08-28 17:00
5.0519,2016-08-28 16:00
5.1245,2016-08-28 15:00
5.1857,2016-08-28 14:00
5.2356,2016-08-28 13:00
5.2748,2016-08-28 12:00
5.3046,2016-08-28 11:00
5.3268,2016-08-28 10:00
5.3442,2016-08-28 09:00
5.3601,2016-08-28 08:00
5.3784,2016-08-28 07:00
5.4022,2016-08-28 06:00
5.4340,2016-08-28 05:00
5.4743,2016-08-28 04:00
5.5226,2016-08-28 03:00
5.5773,2016-08-28 02:00
5.6374,2016-08-28 01:00
5.7024,2016-08-28 00:00
5.7719,2016-08-27 23:00
5.8444,2016-08-27 22:00
5.9150,2016-08-27 21:00
5.9745,2016-08-27 20:00
6.0098,2016-08-27 19:00
6.0054,2016-08-27 18:00
5.9457,2016-08-27 17:00
5.8175,2016-08-27 16:00
5.6182,2016-08-27 15:00
5.3663,2016-08-27 14:00
5.1072,2016-08-27 13:00
4.8758,2016-08-27 12:00
4.6931,2016-08-27 11:00
4.5461,2016-08-27 10:00
4.3893,2016-08-27 09:00
4.1807,2016-08-27 08:00
3.9298,2016-08-27 07:00
3.7039,2016-08-27 06:00
3.5897,2016-08-27 05:00
3.5867,2016-08-27 04:00
3.6261,2016-08-27 03:00
3.6979,2016-08-27 02:00
3.7985,2016-08-27 01:00
3.9241,2016-08-27 00:00
4.0726,2016-08-26 23:00
4.2371,2016-08-26 22:00
4.4192,2016-08-26 21:00
4.6209,2016-08-26 20:00
4.8439,2016-08-26 19:00
5.0906,2016-08-26 18:00
5.3635,2016-08-26 17:00
5.6654,2016-08-26 16:00
5.9994,2016-08-26 15:00
6.3691,2016-08-26 14:00
6.7786,2016-08-26 13:00
7.2322,2016-08-26 12:00
7.7352,2016-08-26 11:00
8.2933,2016-08-26 10:00
8.9131,2016-08-26 09:00
9.6021,2016-08-26 08:00
10.3686,2016-08-26 07:00
11.2224,2016-08-26 06:00
12.1744,2016-08-26 05:00
13.2370,2016-08-26 04:00
14.4245,2016-08-26 03:00
15.7532,2016-08-26 02:00
17.2417,2016-08-26 01:00
18.9115,2016-08-26 00:00
20.7869,2016-08-25 23:00
22.8961,2016-08-25 22:00
25.2715,2016-08-25 21:00
27.9500,2016-08-25 20:00
30.9744,2016-08-25 19:00
34.3933,2016-08-25 18:00
38.2628,2016-08-25 17:00
42.6465,2016-08-25 16:00
47.6163,2016-08-25 15:00
53.2524,2016-08-25 14:00
59.6430,2016-08-25 13:00
66.8812,2016-08-25 12:00
75.0606,2016-08-25 11:00
84.2653,2016-08-25 10:00
94.5529,2016-08-25 09:00
105.9260,2016-08-25 08:00
118.2881,2016-08-25 07:00
131.3808,2016-08-25 06:00
144.7072,2016-08-25 05:00
157.4673,2016-08-25 04:00
168.5690,2016-08-25 03:00
176.8112,2016-08-25 02:00
181.2967,2016-08-25 01:00
181.9130,2016-08-25 00:00
179.4429,2016-08-24 23:00
174.9862,2016-08-24 22:00
169.0353,2016-08-24 21:00
161.0072,2016-08-24 20:00
149.7745,2016-08-24 19:00
134.9690,2016-08-24 18:00
117.7838,2016-08-24 17:00
100.2818,2016-08-24 16:00
84.4003,2016-08-24 15:00
71.5108,2016-08-24 14:00
61.7247,2016-08-24 13:00
53.6801,2016-08-24 12:00
45.7018,2016-08-24 11:00
37.2092,2016-08-24 10:00
28.7473,2016-08-24 09:00
21.5385,2016-08-24 08:00
16.4636,2016-08-24 07:00
12.5324,2016-08-24 06:00
8.5951,2016-08-24 05:00
5.2527,2016-08-24 04:00
3.3000,2016-08-24 03:00
2.7532,2016-08-24 02:00
2.7221,2016-08-24 01:00
2.7220,2016-08-24 00:00
2.7219,2016-08-23 23:00
2.7218,2016-08-23 22:00
2.7217,2016-08-23 21:00
2.7216,2016-08-23 20:00
2.7216,2016-08-23 19:00
2.7215,2016-08-23 18:00
2.7215,2016-08-23 17:00
2.7215,2016-08-23 16:00
2.7215,2016-08-23 15:00
2.7217,2016-08-23 14:00
2.7219,2016-08-23 13:00
2.7223,2016-08-23 12:00
2.7228,2016-08-23 11:00
2.7235,2016-08-23 10:00
2.7246,2016-08-23 09:00
2.7260,2016-08-23 08:00
2.7279,2016-08-23 07:00
2.7303,2016-08-23 06:00
2.7335,2016-08-23 05:00
2.7376,2016-08-23 04:00
2.7427,2016-08-23 03:00
2.7492,2016-08-23 02:00
2.7572,2016-08-23 01:00
2.7671,2016-08-23 00:00
2.7791,2016-08-22 23:00
2.7935,2016-08-22 22:00
2.8107,2016-08-22 21:00
2.8312,2016-08-22 20:00
2.8551,2016-08-22 19:00
2.8831,2016-08-22 18:00
2.9154,2016-08-22 17:00
2.9526,2016-08-22 16:00
2.9952,2016-08-22 15:00
3.0436,2016-08-22 14:00
3.0983,2016-08-22 13:00
3.1600,2016-08-22 12:00
3.2293,2016-08-22 11:00
3.3068,2016-08-22 10:00
3.3934,2016-08-22 09:00
3.4899,2016-08-22 08:00
3.5972,2016-08-22 07:00
3.7161,2016-08-22 06:00
3.8480,2016-08-22 05:00
3.9937,2016-08-22 04:00
4.1546,2016-08-22 03:00
4.3319,2016-08-22 02:00
4.5267,2016-08-22 01:00
4.7404,2016-08-22 00:00
4.9742,2016-08-21 23:00
5.2291,2016-08-21 22:00
5.5063,2016-08-21 21:00
5.8066,2016-08-21 20:00
6.1308,2016-08-21 19:00
6.4795,2016-08-21 18:00
6.8532,2016-08-21 17:00
7.2523,2016-08-21 16:00
7.6768,2016-08-21 15:00
8.1270,2016-08-21 14:00
8.6029,2016-08-21 13:00
9.1046,2016-08-21 12:00
9.6318,2016-08-21 11:00
10.1838,2016-08-21 10:00
10.7587,2016-08-21 09:00
11.3524,2016-08-21 08:00
11.9569,2016-08-21 07:00
12.5588,2016-08-21 06:00
13.1372,2016-08-21 05:00
13.6634,2016-08-21 04:00
14.1039,2016-08-21 03:00
14.4264,2016-08-21 02:00
14.6092,2016-08-21 01:00
14.6503,2016-08-21 00:00
14.5676,2016-08-20 23:00
14.3899,2016-08-20 22:00
14.1426,2016-08-20 21:00
13.8422,2016-08-20 20:00
13.5029,2016-08-20 19:00
13.1442,2016-08-20 18:00
12.7840,2016-08-20 17:00
12.4280,2016-08-20 16:00
12.0805,2016-08-20 15:00
11.7678,2016-08-20 14:00
11.4689,2016-08-20 13:00
11.1354,2016-08-20 12:00
10.7598,2016-08-20 11:00
10.3717,2016-08-20 10:00
10.0179,2016-08-20 09:00
9.7119,2016-08-20 08:00
9.3516,2016-08-20 07:00
8.7512,2016-08-20 06:00
7.8800,2016-08-20 05:00
7.0769,2016-08-20 04:00
6.6164,2016-08-20 03:00
6.3926,2016-08-20 02:00
6.2658,2016-08-20 01:00
6.1510,2016-08-20 00:00
5.9745,2016-08-19 23:00
5.6855,2016-08-19 22:00
5.3257,2016-08-19 21:00
5.1036,2016-08-19 20:00
5.0778,2016-08-19 19:00
5.1467,2016-08-19 18:00
5.2453,2016-08-19 17:00
5.3268,2016-08-19 16:00
5.2774,2016-08-19 15:00
4.9600,2016-08-19 14:00
4.3923,2016-08-19 13:00
3.9581,2016-08-19 12:00
3.8773,2016-08-19 11:00
3.9474,2016-08-19 10:00
4.0148,2016-08-19 09:00
4.0836,2016-08-19 08:00
4.1605,2016-08-19 07:00
4.2406,2016-08-19 06:00
4.2809,2016-08-19 05:00
4.1776,2016-08-19 04:00
3.8270,2016-08-19 03:00
3.3009,2016-08-19 02:00
3.0626,2016-08-19 01:00
3.0651,2016-08-19 00:00
3.1033,2016-08-18 23:00
3.1450,2016-08-18 22:00
3.1906,2016-08-18 21:00
3.2404,2016-08-18 20:00
3.2948,2016-08-18 19:00
3.3536,2016-08-18 18:00
3.4169,2016-08-18 17:00
3.4840,2016-08-18 16:00
3.5541,2016-08-18 15:00
3.6257,2016-08-18 14:00
3.6965,2016-08-18 13:00
3.7635,2016-08-18 12:00
3.8229,2016-08-18 11:00
3.8699,2016-08-18 10:00
3.8995,2016-08-18 09:00
3.9072,2016-08-18 08:00
3.8896,2016-08-18 07:00
3.8463,2016-08-18 06:00
3.7804,2016-08-18 05:00
3.6989,2016-08-18 04:00
3.6110,2016-08-18 03:00
3.5264,2016-08-18 02:00
3.4531,2016-08-18 01:00
3.3954,2016-08-18 00:00
3.3546,2016-08-17 23:00
3.3292,2016-08-17 22:00
3.3163,2016-08-17 21:00
3.3121,2016-08-17 20:00
3.3129,2016-08-17 19:00
3.3157,2016-08-17 18:00
3.3188,2016-08-17 17:00
3.3234,2016-08-17 16:00
3.3332,2016-08-17 15:00
3.3500,2016-08-17 14:00
3.3638,2016-08-17 13:00
3.3432,2016-08-17 12:00
3.2578,2016-08-17 11:00
3.0805,2016-08-17 10:00
2.8519,2016-08-17 09:00
2.7494,2016-08-17 08:00
2.7466,2016-08-17 07:00
2.7455,2016-08-17 06:00
2.7473,2016-08-17 05:00
2.7496,2016-08-17 04:00
2.7521,2016-08-17 03:00
2.7545,2016-08-17 02:00
2.7544,2016-08-17 01:00
2.7489,2016-08-17 00:00
2.7457,2016-08-16 23:00
2.7462,2016-08-16 22:00
2.7467,2016-08-16 21:00
2.7472,2016-08-16 20:00
2.7477,2016-08-16 19:00
2.7482,2016-08-16 18:00
2.7487,2016-08-16 17:00
2.7492,2016-08-16 16:00
2.7497,2016-08-16 15:00
2.7502,2016-08-16 14:00
2.7506,2016-08-16 13:00
2.7511,2016-08-16 12:00
2.7516,2016-08-16 11:00
2.7520,2016-08-16 10:00
2.7525,2016-08-16 09:00
2.7530,2016-08-16 08:00
2.7534,2016-08-16 07:00
2.7539,2016-08-16 06:00
2.7544,2016-08-16 05:00
2.7549,2016-08-16 04:00
2.7554,2016-08-16 03:00
2.7559,2016-08-16 02:00
2.7565,2016-08-16 01:00
2.7571,2016-08-16 00:00
2.7578,2016-08-15 23:00
2.7586,2016-08-15 22:00
2.7595,2016-08-15 21:00
2.7606,2016-08-15 20:00
2.7619,2016-08-15 19:00
2.7635,2016-08-15 18:00
2.7654,2016-08-15 17:00
2.7678,2016-08-15 16:00
2.7707,2016-08-15 15:00
2.7743,2016-08-15 14:00
2.7786,2016-08-15 13:00
2.7839,2016-08-15 12:00
2.7902,2016-08-15 11:00
2.7977,2016-08-15 10:00
2.8067,2016-08-15 09:00
2.8171,2016-08-15 08:00
2.8291,2016-08-15 07:00
2.8428,2016-08-15 06:00
2.8583,2016-08-15 05:00
2.8754,2016-08-15 04:00
2.8942,2016-08-15 03:00
2.9144,2016-08-15 02:00
2.9358,2016-08-15 01:00
2.9580,2016-08-15 00:00
2.9807,2016-08-14 23:00
3.0034,2016-08-14 22:00
3.0256,2016-08-14 21:00
3.0467,2016-08-14 20:00
3.0663,2016-08-14 19:00
3.0839,2016-08-14 18:00
3.0993,2016-08-14 17:00
3.1123,2016-08-14 16:00
3.1229,2016-08-14 15:00
3.1314,2016-08-14 14:00
3.1381,2016-08-14 13:00
3.1434,2016-08-14 12:00
3.1481,2016-08-14 11:00
3.1526,2016-08-14 10:00
3.1575,2016-08-14 09:00
3.1635,2016-08-14 08:00
3.1710,2016-08-14 07:00
3.1806,2016-08-14 06:00
3.1927,2016-08-14 05:00
3.2080,2016-08-14 04:00
3.2268,2016-08-14 03:00
3.2497,2016-08-14 02:00
3.2772,2016-08-14 01:00
3.3097,2016-08-14 00:00
3.3478,2016-08-13 23:00
3.3924,2016-08-13 22:00
3.4445,2016-08-13 21:00
3.5052,2016-08-13 20:00
3.5759,2016-08-13 19:00
3.6578,2016-08-13 18:00
3.7521,2016-08-13 17:00
3.8593,2016-08-13 16:00
3.9789,2016-08-13 15:00
4.1094,2016-08-13 14:00
4.2482,2016-08-13 13:00
4.3919,2016-08-13 12:00
4.5374,2016-08-13 11:00
4.6839,2016-08-13 10:00
4.8328,2016-08-13 09:00
4.9870,2016-08-13 08:00
5.1447,2016-08-13 07:00
5.2904,2016-08-13 06:00
5.3850,2016-08-13 05:00
5.3666,2016-08-13 04:00
5.1890,2016-08-13 03:00
4.8908,2016-08-13 02:00
4.6003,2016-08-13 01:00
4.5415,2016-08-13 00:00
4.6130,2016-08-12 23:00
4.6910,2016-08-12 22:00
4.7749,2016-08-12 21:00
4.8627,2016-08-12 20:00
4.9506,2016-08-12 19:00
5.0331,2016-08-12 18:00
5.1033,2016-08-12 17:00
5.1529,2016-08-12 16:00
5.1726,2016-08-12 15:00
5.1539,2016-08-12 14:00
5.0945,2016-08-12 13:00
5.0054,2016-08-12 12:00
4.9111,2016-08-12 11:00
4.8403,2016-08-12 10:00
4.7768,2016-08-12 09:00
4.6610,2016-08-12 08:00
4.4396,2016-08-12 07:00
4.1731,2016-08-12 06:00
3.9412,2016-08-12 05:00
3.8204,2016-08-12 04:00
3.8081,2016-08-12 03:00
3.8216,2016-08-12 02:00
3.8195,2016-08-12 01:00
3.8189,2016-08-12 00:00
3.8147,2016-08-11 23:00
3.7883,2016-08-11 22:00
3.7421,2016-08-11 21:00
3.6888,2016-08-11 20:00
3.6476,2016-08-11 19:00
3.6287,2016-08-11 18:00
3.6069,2016-08-11 17:00
3.5162,2016-08-11 16:00
3.3008,2016-08-11 15:00
2.9751,2016-08-11 14:00
2.8099,2016-08-11 13:00
2.8078,2016-08-11 12:00
2.8066,2016-08-11 11:00
2.8074,2016-08-11 10:00
2.8082,2016-08-11 09:00
2.8090,2016-08-11 08:00
2.8097,2016-08-11 07:00
2.8105,2016-08-11 06:00
2.8113,2016-08-11 05:00
2.8120,2016-08-11 04:00
2.8128,2016-08-11 03:00
2.8135,2016-08-11 02:00
2.8143,2016-08-11 01:00
2.8150,2016-08-11 00:00
2.8158,2016-08-10 23:00
2.8165,2016-08-10 22:00
2.8173,2016-08-10 21:00
2.8180,2016-08-10 20:00
2.8187,2016-08-10 19:00
2.8195,2016-08-10 18:00
2.8202,2016-08-10 17:00
2.8209,2016-08-10 16:00
2.8216,2016-08-10 15:00
2.8224,2016-08-10 14:00
2.8231,2016-08-10 13:00
2.8238,2016-08-10 12:00
2.8245,2016-08-10 11:00
2.8252,2016-08-10 10:00
2.8259,2016-08-10 09:00
2.8266,2016-08-10 08:00
2.8273,2016-08-10 07:00
2.8280,2016-08-10 06:00
2.8287,2016-08-10 05:00
2.8294,2016-08-10 04:00
2.8300,2016-08-10 03:00
2.8307,2016-08-10 02:00
2.8314,2016-08-10 01:00
2.8320,2016-08-10 00:00
2.8327,2016-08-09 23:00
2.8334,2016-08-09 22:00
2.8340,2016-08-09 21:00
2.8347,2016-08-09 20:00
2.8353,2016-08-09 19:00
2.8360,2016-08-09 18:00
2.8366,2016-08-09 17:00
2.8373,2016-08-09 16:00
2.8379,2016-08-09 15:00
2.8386,2016-08-09 14:00
2.8392,2016-08-09 13:00
2.8398,2016-08-09 12:00
2.8405,2016-08-09 11:00
2.8411,2016-08-09 10:00
2.8417,2016-08-09 09:00
2.8423,2016-08-09 08:00
2.8429,2016-08-09 07:00
2.8436,2016-08-09 06:00
2.8442,2016-08-09 05:00
2.8448,2016-08-09 04:00
2.8454,2016-08-09 03:00
2.8460,2016-08-09 02:00
2.8466,2016-08-09 01:00
2.8473,2016-08-09 00:00
2.8479,2016-08-08 23:00
2.8485,2016-08-08 22:00
2.8491,2016-08-08 21:00
2.8497,2016-08-08 20:00
2.8502,2016-08-08 19:00
2.8508,2016-08-08 18:00
2.8514,2016-08-08 17:00
2.8519,2016-08-08 16:00
2.8524,2016-08-08 15:00
2.8529,2016-08-08 14:00
2.8534,2016-08-08 13:00
2.8539,2016-08-08 12:00
2.8544,2016-08-08 11:00
2.8549,2016-08-08 10:00
2.8554,2016-08-08 09:00
2.8560,2016-08-08 08:00
2.8565,2016-08-08 07:00
2.8570,2016-08-08 06:00
2.8576,2016-08-08 05:00
2.8581,2016-08-08 04:00
2.8587,2016-08-08 03:00
2.8593,2016-08-08 02:00
2.8599,2016-08-08 01:00
2.8606,2016-08-08 00:00
2.8614,2016-08-07 23:00
2.8624,2016-08-07 22:00
2.8634,2016-08-07 21:00
2.8647,2016-08-07 20:00
2.8663,2016-08-07 19:00
2.8682,2016-08-07 18:00
2.8706,2016-08-07 17:00
2.8735,2016-08-07 16:00
2.8772,2016-08-07 15:00
2.8817,2016-08-07 14:00
2.8873,2016-08-07 13:00
2.8943,2016-08-07 12:00
2.9027,2016-08-07 11:00
2.9130,2016-08-07 10:00
2.9254,2016-08-07 09:00
2.9401,2016-08-07 08:00
2.9574,2016-08-07 07:00
2.9775,2016-08-07 06:00
3.0007,2016-08-07 05:00
3.0271,2016-08-07 04:00
3.0566,2016-08-07 03:00
3.0894,2016-08-07 02:00
3.1252,2016-08-07 01:00
3.1637,2016-08-07 00:00
3.2045,2016-08-06 23:00
3.2469,2016-08-06 22:00
3.2903,2016-08-06 21:00
3.3338,2016-08-06 20:00
3.3764,2016-08-06 19:00
3.4172,2016-08-06 18:00
3.4553,2016-08-06 17:00
3.4899,2016-08-06 16:00
3.5204,2016-08-06 15:00
3.5466,2016-08-06 14:00
3.5686,2016-08-06 13:00
3.5868,2016-08-06 12:00
3.6018,2016-08-06 11:00
3.6142,2016-08-06 10:00
3.6247,2016-08-06 09:00
3.6337,2016-08-06 08:00
3.6416,2016-08-06 07:00
3.6486,2016-08-06 06:00
3.6552,2016-08-06 05:00
3.6627,2016-08-06 04:00
3.6726,2016-08-06 03:00
3.6876,2016-08-06 02:00
3.7106,2016-08-06 01:00
3.7447,2016-08-06 00:00
3.7931,2016-08-05 23:00
3.8582,2016-08-05 22:00
3.9420,2016-08-05 21:00
4.0462,2016-08-05 20:00
4.1721,2016-08-05 19:00
4.3199,2016-08-05 18:00
4.4886,2016-08-05 17:00
4.6745,2016-08-05 16:00
4.8707,2016-08-05 15:00
5.0659,2016-08-05 14:00
5.2446,2016-08-05 13:00
5.3865,2016-08-05 12:00
5.4666,2016-08-05 11:00
5.4571,2016-08-05 10:00
5.3358,2016-08-05 09:00
5.1071,2016-08-05 08:00
4.8217,2016-08-05 07:00
4.5661,2016-08-05 06:00
4.3995,2016-08-05 05:00
4.2828,2016-08-05 04:00
4.0815,2016-08-05 03:00
3.6972,2016-08-05 02:00
3.1808,2016-08-05 01:00
2.9506,2016-08-05 00:00
2.9533,2016-08-04 23:00
2.9553,2016-08-04 22:00
2.9546,2016-08-04 21:00
2.9465,2016-08-04 20:00
2.9242,2016-08-04 19:00
2.9039,2016-08-04 18:00
2.8992,2016-08-04 17:00
2.8999,2016-08-04 16:00
2.9006,2016-08-04 15:00
2.9013,2016-08-04 14:00
2.9021,2016-08-04 13:00
2.9029,2016-08-04 12:00
2.9038,2016-08-04 11:00
2.9048,2016-08-04 10:00
2.9058,2016-08-04 09:00
2.9068,2016-08-04 08:00
2.9080,2016-08-04 07:00
2.9093,2016-08-04 06:00
2.9106,2016-08-04 05:00
2.9120,2016-08-04 04:00
2.9135,2016-08-04 03:00
2.9150,2016-08-04 02:00
2.9166,2016-08-04 01:00
2.9181,2016-08-04 00:00
2.9196,2016-08-03 23:00
2.9209,2016-08-03 22:00
2.9222,2016-08-03 21:00
2.9232,2016-08-03 20:00
2.9241,2016-08-03 19:00
2.9247,2016-08-03 18:00
2.9251,2016-08-03 17:00
2.9253,2016-08-03 16:00
2.9253,2016-08-03 15:00
2.9252,2016-08-03 14:00
2.9250,2016-08-03 13:00
2.9248,2016-08-03 12:00
2.9246,2016-08-03 11:00
2.9246,2016-08-03 10:00
2.9247,2016-08-03 09:00
2.9250,2016-08-03 08:00
2.9256,2016-08-03 07:00
2.9263,2016-08-03 06:00
2.9273,2016-08-03 05:00
2.9285,2016-08-03 04:00
2.9300,2016-08-03 03:00
2.9317,2016-08-03 02:00
2.9337,2016-08-03 01:00
2.9360,2016-08-03 00:00
2.9386,2016-08-02 23:00
2.9414,2016-08-02 22:00
2.9445,2016-08-02 21:00
2.9478,2016-08-02 20:00
2.9514,2016-08-02 19:00
2.9551,2016-08-02 18:00
2.9590,2016-08-02 17:00
2.9630,2016-08-02 16:00
2.9669,2016-08-02 15:00
2.9703,2016-08-02 14:00
2.9732,2016-08-02 13:00
2.9751,2016-08-02 12:00
2.9763,2016-08-02 11:00
2.9772,2016-08-02 10:00
2.9784,2016-08-02 09:00
2.9808,2016-08-02 08:00
2.9847,2016-08-02 07:00
2.9889,2016-08-02 06:00
2.9908,2016-08-02 05:00
2.9870,2016-08-02 04:00
2.9752,2016-08-02 03:00
2.9536,2016-08-02 02:00
2.9351,2016-08-02 01:00
2.9312,2016-08-02 00:00
2.9316,2016-08-01 23:00
2.9321,2016-08-01 22:00
2.9327,2016-08-01 21:00
2.9333,2016-08-01 20:00
2.9339,2016-08-01 19:00
2.9346,2016-08-01 18:00
2.9355,2016-08-01 17:00
2.9365,2016-08-01 16:00
2.9376,2016-08-01 15:00
2.9389,2016-08-01 14:00
2.9404,2016-08-01 13:00
2.9423,2016-08-01 12:00
2.9444,2016-08-01 11:00
2.9468,2016-08-01 10:00
2.9497,2016-08-01 09:00
2.9530,2016-08-01 08:00
2.9568,2016-08-01 07:00
2.9611,2016-08-01 06:00
2.9662,2016-08-01 05:00
2.9720,2016-08-01 04:00
2.9786,2016-08-01 03:00
2.9863,2016-08-01 02:00
2.9953,2016-08-01 01:00
3.0055,2016-08-01 00:00
3.0174,2016-07-31 23:00
3.0310,2016-07-31 22:00
3.0465,2016-07-31 21:00
3.0641,2016-07-31 20:00
3.0840,2016-07-31 19:00
3.1061,2016-07-31 18:00
3.1307,2016-07-31 17:00
3.1574,2016-07-31 16:00
3.1862,2016-07-31 15:00
3.2165,2016-07-31 14:00
3.2479,2016-07-31 13:00
3.2797,2016-07-31 12:00
3.3112,2016-07-31 11:00
3.3417,2016-07-31 10:00
3.3707,2016-07-31 09:00
3.3977,2016-07-31 08:00
3.4223,2016-07-31 07:00
3.4447,2016-07-31 06:00
3.4648,2016-07-31 05:00
3.4826,2016-07-31 04:00
3.4980,2016-07-31 03:00
3.5109,2016-07-31 02:00
3.5206,2016-07-31 01:00
3.5264,2016-07-31 00:00
3.5275,2016-07-30 23:00
3.5236,2016-07-30 22:00
3.5145,2016-07-30 21:00
3.5010,2016-07-30 20:00
3.4848,2016-07-30 19:00
3.4685,2016-07-30 18:00
3.4555,2016-07-30 17:00
3.4493,2016-07-30 16:00
3.4537,2016-07-30 15:00
3.4718,2016-07-30 14:00
3.5068,2016-07-30 13:00
3.5620,2016-07-30 12:00
3.6410,2016-07-30 11:00
3.7480,2016-07-30 10:00
3.8863,2016-07-30 09:00
4.0569,2016-07-30 08:00
4.2565,2016-07-30 07:00
4.4754,2016-07-30 06:00
4.6971,2016-07-30 05:00
4.9012,2016-07-30 04:00
5.0711,2016-07-30 03:00
5.2076,2016-07-30 02:00
5.2851,2016-07-30 01:00
5.2888,2016-07-30 00:00
5.2443,2016-07-29 23:00
5.1742,2016-07-29 22:00
5.0531,2016-07-29 21:00
4.8007,2016-07-29 20:00
4.3827,2016-07-29 19:00
3.8657,2016-07-29 18:00
3.4331,2016-07-29 17:00
3.1430,2016-07-29 16:00
3.0001,2016-07-29 15:00
2.9683,2016-07-29 14:00
2.9693,2016-07-29 13:00
2.9707,2016-07-29 12:00
2.9726,2016-07-29 11:00
2.9750,2016-07-29 10:00
2.9781,2016-07-29 09:00
2.9818,2016-07-29 08:00
2.9861,2016-07-29 07:00
2.9907,2016-07-29 06:00
2.9953,2016-07-29 05:00
2.9996,2016-07-29 04:00
3.0032,2016-07-29 03:00
3.0056,2016-07-29 02:00
3.0064,2016-07-29 01:00
3.0055,2016-07-29 00:00
3.0029,2016-07-28 23:00
2.9985,2016-07-28 22:00
2.9928,2016-07-28 21:00
2.9861,2016-07-28 20:00
2.9790,2016-07-28 19:00
2.9722,2016-07-28 18:00
2.9663,2016-07-28 17:00
2.9615,2016-07-28 16:00
2.9582,2016-07-28 15:00
2.9562,2016-07-28 14:00
2.9551,2016-07-28 13:00
2.9547,2016-07-28 12:00
2.9545,2016-07-28 11:00
2.9545,2016-07-28 10:00
2.9544,2016-07-28 09:00
2.9544,2016-07-28 08:00
2.9544,2016-07-28 07:00
2.9544,2016-07-28 06:00
2.9544,2016-07-28 05:00
2.9543,2016-07-28 04:00
2.9543,2016-07-28 03:00
2.9542,2016-07-28 02:00
2.9542,2016-07-28 01:00
2.9541,2016-07-28 00:00
2.9540,2016-07-27 23:00
2.9540,2016-07-27 22:00
2.9539,2016-07-27 21:00
2.9538,2016-07-27 20:00
2.9537,2016-07-27 19:00
2.9536,2016-07-27 18:00
2.9535,2016-07-27 17:00
2.9534,2016-07-27 16:00
2.9533,2016-07-27 15:00
2.9532,2016-07-27 14:00
2.9531,2016-07-27 13:00
2.9530,2016-07-27 12:00
2.9529,2016-07-27 11:00
2.9528,2016-07-27 10:00
2.9528,2016-07-27 09:00
2.9527,2016-07-27 08:00
2.9527,2016-07-27 07:00
2.9528,2016-07-27 06:00
2.9530,2016-07-27 05:00
2.9532,2016-07-27 04:00
2.9536,2016-07-27 03:00
2.9543,2016-07-27 02:00
2.9551,2016-07-27 01:00
2.9563,2016-07-27 00:00
2.9579,2016-07-26 23:00
2.9600,2016-07-26 22:00
2.9629,2016-07-26 21:00
2.9665,2016-07-26 20:00
2.9713,2016-07-26 19:00
2.9773,2016-07-26 18:00
2.9850,2016-07-26 17:00
2.9946,2016-07-26 16:00
3.0065,2016-07-26 15:00
3.0212,2016-07-26 14:00
3.0392,2016-07-26 13:00
3.0609,2016-07-26 12:00
3.0871,2016-07-26 11:00
3.1184,2016-07-26 10:00
3.1555,2016-07-26 09:00
3.1992,2016-07-26 08:00
3.2503,2016-07-26 07:00
3.3097,2016-07-26 06:00
3.3785,2016-07-26 05:00
3.4576,2016-07-26 04:00
3.5482,2016-07-26 03:00
3.6515,2016-07-26 02:00
3.7689,2016-07-26 01:00
3.9019,2016-07-26 00:00
4.0520,2016-07-25 23:00
4.2210,2016-07-25 22:00
4.4108,2016-07-25 21:00
4.6238,2016-07-25 20:00
4.8621,2016-07-25 19:00
5.1286,2016-07-25 18:00
5.4259,2016-07-25 17:00
5.7572,2016-07-25 16:00
6.1259,2016-07-25 15:00
6.5355,2016-07-25 14:00
6.9894,2016-07-25 13:00
7.4914,2016-07-25 12:00
8.0449,2016-07-25 11:00
8.6526,2016-07-25 10:00
9.3166,2016-07-25 09:00
10.0370,2016-07-25 08:00
10.8121,2016-07-25 07:00
11.6360,2016-07-25 06:00
12.4985,2016-07-25 05:00
13.3824,2016-07-25 04:00
14.2628,2016-07-25 03:00
15.1055,2016-07-25 02:00
15.8680,2016-07-25 01:00
16.5027,2016-07-25 00:00
16.9651,2016-07-24 23:00
17.2260,2016-07-24 22:00
17.2867,2016-07-24 21:00
17.1894,2016-07-24 20:00
17.0166,2016-07-24 19:00
16.8733,2016-07-24 18:00
16.8610,2016-07-24 17:00
17.0528,2016-07-24 16:00
17.4814,2016-07-24 15:00
18.1402,2016-07-24 14:00
18.9942,2016-07-24 13:00
19.9932,2016-07-24 12:00
21.0851,2016-07-24 11:00
22.2215,2016-07-24 10:00
23.3514,2016-07-24 09:00
24.4068,2016-07-24 08:00
25.2978,2016-07-24 07:00
25.9372,2016-07-24 06:00
26.2794,2016-07-24 05:00
26.3145,2016-07-24 04:00
25.9993,2016-07-24 03:00
25.2261,2016-07-24 02:00
23.8760,2016-07-24 01:00
21.8251,2016-07-24 00:00
18.9188,2016-07-23 23:00
15.2849,2016-07-23 22:00
11.7802,2016-07-23 21:00
9.4838,2016-07-23 20:00
8.0183,2016-07-23 19:00
6.5610,2016-07-23 18:00
4.9857,2016-07-23 17:00
3.7318,2016-07-23 16:00
3.2579,2016-07-23 15:00
3.1462,2016-07-23 14:00
3.0596,2016-07-23 13:00
2.9823,2016-07-23 12:00
2.9415,2016-07-23 11:00
2.9439,2016-07-23 10:00
2.9469,2016-07-23 09:00
2.9508,2016-07-23 08:00
2.9557,2016-07-23 07:00
2.9618,2016-07-23 06:00
2.9694,2016-07-23 05:00
2.9787,2016-07-23 04:00
2.9900,2016-07-23 03:00
3.0036,2016-07-23 02:00
3.0198,2016-07-23 01:00
3.0389,2016-07-23 00:00
3.0611,2016-07-22 23:00
3.0868,2016-07-22 22:00
3.1160,2016-07-22 21:00
3.1488,2016-07-22 20:00
3.1855,2016-07-22 19:00
3.2258,2016-07-22 18:00
3.2695,2016-07-22 17:00
3.3165,2016-07-22 16:00
3.3662,2016-07-22 15:00
3.4181,2016-07-22 14:00
3.4714,2016-07-22 13:00
3.5254,2016-07-22 12:00
3.5792,2016-07-22 11:00
3.6319,2016-07-22 10:00
3.6826,2016-07-22 09:00
3.7306,2016-07-22 08:00
3.7754,2016-07-22 07:00
3.8167,2016-07-22 06:00
3.8546,2016-07-22 05:00
3.8894,2016-07-22 04:00
3.9217,2016-07-22 03:00
3.9522,2016-07-22 02:00
3.9819,2016-07-22 01:00
4.0117,2016-07-22 00:00
4.0425,2016-07-21 23:00
4.0756,2016-07-21 22:00
4.1123,2016-07-21 21:00
4.1541,2016-07-21 20:00
4.2028,2016-07-21 19:00
4.2601,2016-07-21 18:00
4.3272,2016-07-21 17:00
4.4048,2016-07-21 16:00
4.4927,2016-07-21 15:00
4.5898,2016-07-21 14:00
4.6939,2016-07-21 13:00
4.8023,2016-07-21 12:00
4.9118,2016-07-21 11:00
5.0191,2016-07-21 10:00
5.1203,2016-07-21 09:00
5.2115,2016-07-21 08:00
5.2885,2016-07-21 07:00
5.3472,2016-07-21 06:00
5.3842,2016-07-21 05:00
5.3970,2016-07-21 04:00
5.3852,2016-07-21 03:00
5.3497,2016-07-21 02:00
5.2928,2016-07-21 01:00
5.2173,2016-07-21 00:00
5.1259,2016-07-20 23:00
5.0203,2016-07-20 22:00
4.9006,2016-07-20 21:00
4.7663,2016-07-20 20:00
4.6199,2016-07-20 19:00
4.4704,2016-07-20 18:00
4.3332,2016-07-20 17:00
4.2294,2016-07-20 16:00
4.1748,2016-07-20 15:00
4.1665,2016-07-20 14:00
4.1976,2016-07-20 13:00
4.2690,2016-07-20 12:00
4.3802,2016-07-20 11:00
4.5287,2016-07-20 10:00
4.7090,2016-07-20 09:00
4.9106,2016-07-20 08:00
5.1169,2016-07-20 07:00
5.3032,2016-07-20 06:00
5.4385,2016-07-20 05:00
5.4910,2016-07-20 04:00
5.4414,2016-07-20 03:00
5.2995,2016-07-20 02:00
5.1108,2016-07-20 01:00
4.9373,2016-07-20 00:00
4.8142,2016-07-19 23:00
4.7122,2016-07-19 22:00
4.5453,2016-07-19 21:00
4.2569,2016-07-19 20:00
3.9233,2016-07-19 19:00
3.7132,2016-07-19 18:00
3.7230,2016-07-19 17:00
3.8491,2016-07-19 16:00
3.9910,2016-07-19 15:00
4.1503,2016-07-19 14:00
4.3289,2016-07-19 13:00
4.5286,2016-07-19 12:00
4.7517,2016-07-19 11:00
5.0006,2016-07-19 10:00
5.2780,2016-07-19 09:00
5.5869,2016-07-19 08:00
5.9305,2016-07-19 07:00
6.3124,2016-07-19 06:00
6.7365,2016-07-19 05:00
7.2069,2016-07-19 04:00
7.7281,2016-07-19 03:00
8.3046,2016-07-19 02:00
8.9410,2016-07-19 01:00
9.6416,2016-07-19 00:00
10.4101,2016-07-18 23:00
11.2494,2016-07-18 22:00
12.1603,2016-07-18 21:00
13.1411,2016-07-18 20:00
14.1861,2016-07-18 19:00
15.2836,2016-07-18 18:00
16.4148,2016-07-18 17:00
17.5510,2016-07-18 16:00
18.6524,2016-07-18 15:00
19.6683,2016-07-18 14:00
20.5387,2016-07-18 13:00
21.2009,2016-07-18 12:00
21.5983,2016-07-18 11:00
21.6902,2016-07-18 10:00
21.4572,2016-07-18 09:00
20.9020,2016-07-18 08:00
20.0487,2016-07-18 07:00
18.9496,2016-07-18 06:00
17.6905,2016-07-18 05:00
16.3770,2016-07-18 04:00
15.0958,2016-07-18 03:00
13.8907,2016-07-18 02:00
12.7836,2016-07-18 01:00
11.8097,2016-07-18 00:00
11.0057,2016-07-17 23:00
10.3603,2016-07-17 22:00
9.7961,2016-07-17 21:00
9.2080,2016-07-17 20:00
8.5139,2016-07-17 19:00
7.6914,2016-07-17 18:00
6.8072,2016-07-17 17:00
6.0224,2016-07-17 16:00
5.4730,2016-07-17 15:00
5.1130,2016-07-17 14:00
4.7374,2016-07-17 13:00
4.1799,2016-07-17 12:00
3.5672,2016-07-17 11:00
3.1877,2016-07-17 10:00
3.0238,2016-07-17 09:00
2.9519,2016-07-17 08:00
2.9313,2016-07-17 07:00
2.9318,2016-07-17 06:00
2.9323,2016-07-17 05:00
2.9327,2016-07-17 04:00
2.9332,2016-07-17 03:00
2.9337,2016-07-17 02:00
2.9342,2016-07-17 01:00
2.9347,2016-07-17 00:00
2.9351,2016-07-16 23:00
2.9356,2016-07-16 22:00
2.9361,2016-07-16 21:00
2.9365,2016-07-16 20:00
2.9370,2016-07-16 19:00
2.9375,2016-07-16 18:00
2.9380,2016-07-16 17:00
2.9385,2016-07-16 16:00
2.9390,2016-07-16 15:00
2.9396,2016-07-16 14:00
2.9402,2016-07-16 13:00
2.9409,2016-07-16 12:00
2.9416,2016-07-16 11:00
2.9425,2016-07-16 10:00
2.9434,2016-07-16 09:00
2.9446,2016-07-16 08:00
2.9459,2016-07-16 07:00
2.9474,2016-07-16 06:00
2.9492,2016-07-16 05:00
2.9514,2016-07-16 04:00
2.9538,2016-07-16 03:00
2.9566,2016-07-16 02:00
2.9598,2016-07-16 01:00
2.9634,2016-07-16 00:00
2.9675,2016-07-15 23:00
2.9718,2016-07-15 22:00
2.9765,2016-07-15 21:00
2.9815,2016-07-15 20:00
2.9866,2016-07-15 19:00
2.9917,2016-07-15 18:00
2.9966,2016-07-15 17:00
3.0013,2016-07-15 16:00
3.0055,2016-07-15 15:00
3.0091,2016-07-15 14:00
3.0121,2016-07-15 13:00
3.0143,2016-07-15 12:00
3.0157,2016-07-15 11:00
3.0164,2016-07-15 10:00
3.0164,2016-07-15 09:00
3.0160,2016-07-15 08:00
3.0153,2016-07-15 07:00
3.0144,2016-07-15 06:00
3.0137,2016-07-15 05:00
3.0134,2016-07-15 04:00
3.0136,2016-07-15 03:00
3.0146,2016-07-15 02:00
3.0166,2016-07-15 01:00
3.0199,2016-07-15 00:00
3.0249,2016-07-14 23:00
3.0319,2016-07-14 22:00
3.0414,2016-07-14 21:00
3.0540,2016-07-14 20:00
3.0703,2016-07-14 19:00
3.0909,2016-07-14 18:00
3.1165,2016-07-14 17:00
3.1478,2016-07-14 16:00
3.1855,2016-07-14 15:00
3.2303,2016-07-14 14:00
3.2828,2016-07-14 13:00
3.3437,2016-07-14 12:00
3.4135,2016-07-14 11:00
3.4930,2016-07-14 10:00
3.5827,2016-07-14 09:00
3.6829,2016-07-14 08:00
3.7942,2016-07-14 07:00
3.9166,2016-07-14 06:00
4.0504,2016-07-14 05:00
4.1950,2016-07-14 04:00
4.3487,2016-07-14 03:00
4.5073,2016-07-14 02:00
4.6645,2016-07-14 01:00
4.8274,2016-07-14 00:00
4.9937,2016-07-13 23:00
5.1538,2016-07-13 22:00
5.3015,2016-07-13 21:00
5.4297,2016-07-13 20:00
5.5306,2016-07-13 19:00
5.5966,2016-07-13 18:00
5.6212,2016-07-13 17:00
5.6002,2016-07-13 16:00
5.5329,2016-07-13 15:00
5.4226,2016-07-13 14:00
5.2763,2016-07-13 13:00
5.1043,2016-07-13 12:00
4.9185,2016-07-13 11:00
4.7309,2016-07-13 10:00
4.5532,2016-07-13 09:00
4.3948,2016-07-13 08:00
4.2628,2016-07-13 07:00
4.1608,2016-07-13 06:00
4.0894,2016-07-13 05:00
4.0469,2016-07-13 04:00
4.0306,2016-07-13 03:00
4.0377,2016-07-13 02:00
4.0661,2016-07-13 01:00
4.1134,2016-07-13 00:00
4.1768,2016-07-12 23:00
4.2521,2016-07-12 22:00
4.3336,2016-07-12 21:00
4.4141,2016-07-12 20:00
4.4860,2016-07-12 19:00
4.5425,2016-07-12 18:00
4.5809,2016-07-12 17:00
4.6058,2016-07-12 16:00
4.6301,2016-07-12 15:00
4.6701,2016-07-12 14:00
4.7336,2016-07-12 13:00
4.8073,2016-07-12 12:00
4.8585,2016-07-12 11:00
4.8585,2016-07-12 10:00
4.8308,2016-07-12 09:00
4.8160,2016-07-12 08:00
4.8442,2016-07-12 07:00
4.9357,2016-07-12 06:00
5.0512,2016-07-12 05:00
5.1442,2016-07-12 04:00
5.2081,2016-07-12 03:00
5.2374,2016-07-12 02:00
5.2284,2016-07-12 01:00
5.1805,2016-07-12 00:00
5.0967,2016-07-11 23:00
4.9837,2016-07-11 22:00
4.8509,2016-07-11 21:00
4.7091,2016-07-11 20:00
4.5689,2016-07-11 19:00
4.4397,2016-07-11 18:00
4.3288,2016-07-11 17:00
4.2410,2016-07-11 16:00
4.1789,2016-07-11 15:00
4.1429,2016-07-11 14:00
4.1317,2016-07-11 13:00
4.1436,2016-07-11 12:00
4.1770,2016-07-11 11:00
4.2306,2016-07-11 10:00
4.3031,2016-07-11 09:00
4.3923,2016-07-11 08:00
4.4938,2016-07-11 07:00
4.6004,2016-07-11 06:00
4.7011,2016-07-11 05:00
4.7818,2016-07-11 04:00
4.8254,2016-07-11 03:00
4.8158,2016-07-11 02:00
4.7428,2016-07-11 01:00
4.6103,2016-07-11 00:00
4.4391,2016-07-10 23:00
4.2590,2016-07-10 22:00
4.0910,2016-07-10 21:00
3.9431,2016-07-10 20:00
3.7800,2016-07-10 19:00
3.5745,2016-07-10 18:00
3.3431,2016-07-10 17:00
3.1525,2016-07-10 16:00
3.0244,2016-07-10 15:00
2.9760,2016-07-10 14:00
2.9766,2016-07-10 13:00
2.9772,2016-07-10 12:00
2.9780,2016-07-10 11:00
2.9790,2016-07-10 10:00
2.9802,2016-07-10 09:00
2.9817,2016-07-10 08:00
2.9836,2016-07-10 07:00
2.9861,2016-07-10 06:00
2.9893,2016-07-10 05:00
2.9934,2016-07-10 04:00
2.9986,2016-07-10 03:00
3.0052,2016-07-10 02:00
3.0136,2016-07-10 01:00
3.0240,2016-07-10 00:00
3.0371,2016-07-09 23:00
3.0532,2016-07-09 22:00
3.0730,2016-07-09 21:00
3.0969,2016-07-09 20:00
3.1256,2016-07-09 19:00
3.1599,2016-07-09 18:00
3.2003,2016-07-09 17:00
3.2476,2016-07-09 16:00
3.3024,2016-07-09 15:00
3.3655,2016-07-09 14:00
3.4374,2016-07-09 13:00
3.5188,2016-07-09 12:00
3.6102,2016-07-09 11:00
3.7119,2016-07-09 10:00
3.8243,2016-07-09 09:00
3.9476,2016-07-09 08:00
4.0814,2016-07-09 07:00
4.2256,2016-07-09 06:00
4.3791,2016-07-09 05:00
4.5409,2016-07-09 04:00
4.7090,2016-07-09 03:00
4.8811,2016-07-09 02:00
5.0540,2016-07-09 01:00
5.2240,2016-07-09 00:00
5.3866,2016-07-08 23:00
5.5372,2016-07-08 22:00
5.6707,2016-07-08 21:00
5.7825,2016-07-08 20:00
5.8685,2016-07-08 19:00
5.9250,2016-07-08 18:00
5.9494,2016-07-08 17:00
5.9398,2016-07-08 16:00
5.8950,2016-07-08 15:00
5.8157,2016-07-08 14:00
5.7055,2016-07-08 13:00
5.5724,2016-07-08 12:00
5.4295,2016-07-08 11:00
5.2935,2016-07-08 10:00
5.1810,2016-07-08 09:00
5.1037,2016-07-08 08:00
5.0669,2016-07-08 07:00
5.0695,2016-07-08 06:00
5.1071,2016-07-08 05:00
5.1752,2016-07-08 04:00
5.2693,2016-07-08 03:00
5.3866,2016-07-08 02:00
5.5280,2016-07-08 01:00
5.6870,2016-07-08 00:00
5.8502,2016-07-07 23:00
6.0016,2016-07-07 22:00
6.1213,2016-07-07 21:00
6.1859,2016-07-07 20:00
6.1743,2016-07-07 19:00
6.0826,2016-07-07 18:00
5.9386,2016-07-07 17:00
5.7939,2016-07-07 16:00
5.6822,2016-07-07 15:00
5.5745,2016-07-07 14:00
5.3931,2016-07-07 13:00
5.0709,2016-07-07 12:00
4.6526,2016-07-07 11:00
4.4448,2016-07-07 10:00
4.4040,2016-07-07 09:00
4.3535,2016-07-07 08:00
4.2975,2016-07-07 07:00
4.2414,2016-07-07 06:00
4.1915,2016-07-07 05:00
4.1537,2016-07-07 04:00
4.1320,2016-07-07 03:00
4.1281,2016-07-07 02:00
4.1415,2016-07-07 01:00
4.1707,2016-07-07 00:00
4.2144,2016-07-06 23:00
4.2715,2016-07-06 22:00
4.3419,2016-07-06 21:00
4.4246,2016-07-06 20:00
4.5176,2016-07-06 19:00
4.6166,2016-07-06 18:00
4.7142,2016-07-06 17:00
4.7983,2016-07-06 16:00
4.8506,2016-07-06 15:00
4.8478,2016-07-06 14:00
4.7717,2016-07-06 13:00
4.6271,2016-07-06 12:00
4.4540,2016-07-06 11:00
4.3139,2016-07-06 10:00
4.2316,2016-07-06 09:00
4.1389,2016-07-06 08:00
3.9205,2016-07-06 07:00
3.5257,2016-07-06 06:00
3.1667,2016-07-06 05:00
3.0360,2016-07-06 04:00
3.0374,2016-07-06 03:00
3.0368,2016-07-06 02:00
3.0313,2016-07-06 01:00
3.0267,2016-07-06 00:00
3.0275,2016-07-05 23:00
3.0284,2016-07-05 22:00
3.0293,2016-07-05 21:00
3.0301,2016-07-05 20:00
3.0310,2016-07-05 19:00
3.0319,2016-07-05 18:00
3.0327,2016-07-05 17:00
3.0336,2016-07-05 16:00
3.0344,2016-07-05 15:00
3.0353,2016-07-05 14:00
3.0361,2016-07-05 13:00
3.0369,2016-07-05 12:00
3.0378,2016-07-05 11:00
3.0386,2016-07-05 10:00
3.0394,2016-07-05 09:00
3.0403,2016-07-05 08:00
3.0411,2016-07-05 07:00
3.0419,2016-07-05 06:00
3.0427,2016-07-05 05:00
3.0435,2016-07-05 04:00
3.0443,2016-07-05 03:00
3.0451,2016-07-05 02:00
3.0459,2016-07-05 01:00
3.0467,2016-07-05 00:00
3.0475,2016-07-04 23:00
3.0483,2016-07-04 22:00
3.0491,2016-07-04 21:00
3.0499,2016-07-04 20:00
3.0507,2016-07-04 19:00
3.0514,2016-07-04 18:00
3.0522,2016-07-04 17:00
3.0530,2016-07-04 16:00
3.0537,2016-07-04 15:00
3.0545,2016-07-04 14:00
3.0553,2016-07-04 13:00
3.0560,2016-07-04 12:00
3.0568,2016-07-04 11:00
3.0575,2016-07-04 10:00
3.0583,2016-07-04 09:00
3.0590,2016-07-04 08:00
3.0597,2016-07-04 07:00
3.0605,2016-07-04 06:00
3.0612,2016-07-04 05:00
3.0619,2016-07-04 04:00
3.0627,2016-07-04 03:00
3.0634,2016-07-04 02:00
3.0641,2016-07-04 01:00
3.0649,2016-07-04 00:00
3.0656,2016-07-03 23:00
3.0664,2016-07-03 22:00
3.0672,2016-07-03 21:00
3.0680,2016-07-03 20:00
3.0688,2016-07-03 19:00
3.0698,2016-07-03 18:00
3.0708,2016-07-03 17:00
3.0719,2016-07-03 16:00
3.0731,2016-07-03 15:00
3.0746,2016-07-03 14:00
3.0763,2016-07-03 13:00
3.0784,2016-07-03 12:00
3.0809,2016-07-03 11:00
3.0840,2016-07-03 10:00
3.0877,2016-07-03 09:00
3.0923,2016-07-03 08:00
3.0980,2016-07-03 07:00
3.1048,2016-07-03 06:00
3.1131,2016-07-03 05:00
3.1231,2016-07-03 04:00
3.1350,2016-07-03 03:00
3.1490,2016-07-03 02:00
3.1654,2016-07-03 01:00
3.1842,2016-07-03 00:00
3.2056,2016-07-02 23:00
3.2296,2016-07-02 22:00
3.2561,2016-07-02 21:00
3.2850,2016-07-02 20:00
3.3160,2016-07-02 19:00
3.3485,2016-07-02 18:00
3.3820,2016-07-02 17:00
3.4157,2016-07-02 16:00
3.4489,2016-07-02 15:00
3.4805,2016-07-02 14:00
3.5096,2016-07-02 13:00
3.5351,2016-07-02 12:00
3.5561,2016-07-02 11:00
3.5718,2016-07-02 10:00
3.5816,2016-07-02 09:00
3.5851,2016-07-02 08:00
3.5823,2016-07-02 07:00
3.5733,2016-07-02 06:00
3.5584,2016-07-02 05:00
3.5383,2016-07-02 04:00
3.5139,2016-07-02 03:00
3.4862,2016-07-02 02:00
3.4567,2016-07-02 01:00
3.4270,2016-07-02 00:00
3.3986,2016-07-01 23:00
3.3733,2016-07-01 22:00
3.3521,2016-07-01 21:00
3.3358,2016-07-01 20:00
3.3247,2016-07-01 19:00
3.3187,2016-07-01 18:00
3.3171,2016-07-01 17:00
3.3195,2016-07-01 16:00
3.3251,2016-07-01 15:00
3.3334,2016-07-01 14:00
3.3436,2016-07-01 13:00
3.3549,2016-07-01 12:00
3.3664,2016-07-01 11:00
3.3769,2016-07-01 10:00
3.3850,2016-07-01 09:00
3.3889,2016-07-01 08:00
3.3870,2016-07-01 07:00
3.3781,2016-07-01 06:00
3.3626,2016-07-01 05:00
3.3428,2016-07-01 04:00
3.3232,2016-07-01 03:00
3.3073,2016-07-01 02:00
3.2941,2016-07-01 01:00
3.2739,2016-07-01 00:00
3.2335,2016-06-30 23:00
3.1732,2016-06-30 22:00
3.1195,2016-06-30 21:00
3.0992,2016-06-30 20:00
3.0993,2016-06-30 19:00
3.0995,2016-06-30 18:00
3.0996,2016-06-30 17:00
3.0998,2016-06-30 16:00
3.0999,2016-06-30 15:00
3.1000,2016-06-30 14:00
3.1002,2016-06-30 13:00
3.1003,2016-06-30 12:00
3.1004,2016-06-30 11:00
3.1006,2016-06-30 10:00
3.1007,2016-06-30 09:00
3.1008,2016-06-30 08:00
3.1009,2016-06-30 07:00
3.1010,2016-06-30 06:00
3.1011,2016-06-30 05:00
3.1012,2016-06-30 04:00
3.1013,2016-06-30 03:00
3.1014,2016-06-30 02:00
3.1015,2016-06-30 01:00
3.1016,2016-06-30 00:00
3.1017,2016-06-29 23:00
3.1018,2016-06-29 22:00
3.1019,2016-06-29 21:00
3.1019,2016-06-29 20:00
3.1020,2016-06-29 19:00
3.1021,2016-06-29 18:00
3.1022,2016-06-29 17:00
3.1022,2016-06-29 16:00
3.1023,2016-06-29 15:00
3.1024,2016-06-29 14:00
3.1025,2016-06-29 13:00
3.1027,2016-06-29 12:00
3.1028,2016-06-29 11:00
3.1030,2016-06-29 10:00
3.1033,2016-06-29 09:00
3.1036,2016-06-29 08:00
3.1041,2016-06-29 07:00
3.1047,2016-06-29 06:00
3.1056,2016-06-29 05:00
3.1067,2016-06-29 04:00
3.1082,2016-06-29 03:00
3.1102,2016-06-29 02:00
3.1128,2016-06-29 01:00
3.1162,2016-06-29 00:00
3.1207,2016-06-28 23:00
3.1264,2016-06-28 22:00
3.1337,2016-06-28 21:00
3.1429,2016-06-28 20:00
3.1545,2016-06-28 19:00
3.1689,2016-06-28 18:00
3.1867,2016-06-28 17:00
3.2083,2016-06-28 16:00
3.2343,2016-06-28 15:00
3.2655,2016-06-28 14:00
3.3024,2016-06-28 13:00
3.3456,2016-06-28 12:00
3.3959,2016-06-28 11:00
3.4538,2016-06-28 10:00
3.5198,2016-06-28 09:00
3.5945,2016-06-28 08:00
3.6781,2016-06-28 07:00
3.7711,2016-06-28 06:00
3.8733,2016-06-28 05:00
3.9846,2016-06-28 04:00
4.1046,2016-06-28 03:00
4.2323,2016-06-28 02:00
4.3663,2016-06-28 01:00
4.5046,2016-06-28 00:00
4.6443,2016-06-27 23:00
4.7819,2016-06-27 22:00
4.9126,2016-06-27 21:00
5.0308,2016-06-27 20:00
5.1302,2016-06-27 19:00
5.2037,2016-06-27 18:00
5.2444,2016-06-27 17:00
5.2466,2016-06-27 16:00
5.2063,2016-06-27 15:00
5.1230,2016-06-27 14:00
5.0004,2016-06-27 13:00
4.8466,2016-06-27 12:00
4.6740,2016-06-27 11:00
4.4977,2016-06-27 10:00
4.3335,2016-06-27 09:00
4.1960,2016-06-27 08:00
4.0958,2016-06-27 07:00
4.0394,2016-06-27 06:00
4.0289,2016-06-27 05:00
4.0632,2016-06-27 04:00
4.1399,2016-06-27 03:00
4.2565,2016-06-27 02:00
4.4111,2016-06-27 01:00
4.6028,2016-06-27 00:00
4.8310,2016-06-26 23:00
5.0943,2016-06-26 22:00
5.3889,2016-06-26 21:00
5.7065,2016-06-26 20:00
6.0303,2016-06-26 19:00
6.3308,2016-06-26 18:00
6.5617,2016-06-26 17:00
6.6623,2016-06-26 16:00
6.5781,2016-06-26 15:00
6.3033,2016-06-26 14:00
5.9204,2016-06-26 13:00
5.5686,2016-06-26 12:00
5.3261,2016-06-26 11:00
5.1081,2016-06-26 10:00
4.7145,2016-06-26 09:00
4.0516,2016-06-26 08:00
3.3732,2016-06-26 07:00
3.1072,2016-06-26 06:00
3.1031,2016-06-26 05:00
3.1034,2016-06-26 04:00
3.1037,2016-06-26 03:00
3.1042,2016-06-26 02:00
3.1048,2016-06-26 01:00
3.1055,2016-06-26 00:00
3.1065,2016-06-25 23:00
3.1077,2016-06-25 22:00
3.1092,2016-06-25 21:00
3.1111,2016-06-25 20:00
3.1134,2016-06-25 19:00
3.1164,2016-06-25 18:00
3.1200,2016-06-25 17:00
3.1244,2016-06-25 16:00
3.1296,2016-06-25 15:00
3.1359,2016-06-25 14:00
3.1432,2016-06-25 13:00
3.1516,2016-06-25 12:00
3.1612,2016-06-25 11:00
3.1720,2016-06-25 10:00
3.1840,2016-06-25 09:00
3.1970,2016-06-25 08:00
3.2109,2016-06-25 07:00
3.2257,2016-06-25 06:00
3.2410,2016-06-25 05:00
3.2568,2016-06-25 04:00
3.2729,2016-06-25 03:00
3.2891,2016-06-25 02:00
3.3054,2016-06-25 01:00
3.3219,2016-06-25 00:00
3.3387,2016-06-24 23:00
3.3562,2016-06-24 22:00
3.3747,2016-06-24 21:00
3.3947,2016-06-24 20:00
3.4167,2016-06-24 19:00
3.4413,2016-06-24 18:00
3.4688,2016-06-24 17:00
3.4997,2016-06-24 16:00
3.5340,2016-06-24 15:00
3.5719,2016-06-24 14:00
3.6130,2016-06-24 13:00
3.6573,2016-06-24 12:00
3.7042,2016-06-24 11:00
3.7535,2016-06-24 10:00
3.8048,2016-06-24 09:00
3.8575,2016-06-24 08:00
3.9115,2016-06-24 07:00
3.9660,2016-06-24 06:00
4.0207,2016-06-24 05:00
4.0748,2016-06-24 04:00
4.1274,2016-06-24 03:00
4.1774,2016-06-24 02:00
4.2236,2016-06-24 01:00
4.2646,2016-06-24 00:00
4.2991,2016-06-23 23:00
4.3258,2016-06-23 22:00
4.3438,2016-06-23 21:00
4.3525,2016-06-23 20:00
4.3518,2016-06-23 19:00
4.3419,2016-06-23 18:00
4.3236,2016-06-23 17:00
4.2979,2016-06-23 16:00
4.2660,2016-06-23 15:00
4.2293,2016-06-23 14:00
4.1897,2016-06-23 13:00
4.1490,2016-06-23 12:00
4.1093,2016-06-23 11:00
4.0726,2016-06-23 10:00
4.0405,2016-06-23 09:00
4.0141,2016-06-23 08:00
3.9936,2016-06-23 07:00
3.9787,2016-06-23 06:00
3.9683,2016-06-23 05:00
3.9610,2016-06-23 04:00
3.9549,2016-06-23 03:00
3.9477,2016-06-23 02:00
3.9368,2016-06-23 01:00
3.9194,2016-06-23 00:00
3.8932,2016-06-22 23:00
3.8584,2016-06-22 22:00
3.8180,2016-06-22 21:00
3.7769,2016-06-22 20:00
3.7382,2016-06-22 19:00
3.6977,2016-06-22 18:00
3.6444,2016-06-22 17:00
3.5738,2016-06-22 16:00
3.4939,2016-06-22 15:00
3.4451,2016-06-22 14:00
3.4292,2016-06-22 13:00
3.4023,2016-06-22 12:00
3.3506,2016-06-22 11:00
3.2949,2016-06-22 10:00
3.2638,2016-06-22 09:00
3.2553,2016-06-22 08:00
3.2505,2016-06-22 07:00
3.2462,2016-06-22 06:00
3.2438,2016-06-22 05:00
3.2394,2016-06-22 04:00
3.2317,2016-06-22 03:00
3.2212,2016-06-22 02:00
3.2083,2016-06-22 01:00
3.1940,2016-06-22 00:00
3.1791,2016-06-21 23:00
3.1645,2016-06-21 22:00
3.1509,2016-06-21 21:00
3.1388,2016-06-21 20:00
3.1287,2016-06-21 19:00
3.1205,2016-06-21 18:00
3.1143,2016-06-21 17:00
3.1096,2016-06-21 16:00
3.1063,2016-06-21 15:00
3.1040,2016-06-21 14:00
3.1024,2016-06-21 13:00
3.1014,2016-06-21 12:00
3.1006,2016-06-21 11:00
3.1001,2016-06-21 10:00
3.0997,2016-06-21 09:00
3.0995,2016-06-21 08:00
3.0992,2016-06-21 07:00
3.0990,2016-06-21 06:00
3.0988,2016-06-21 05:00
3.0986,2016-06-21 04:00
3.0984,2016-06-21 03:00
3.0983,2016-06-21 02:00
3.0981,2016-06-21 01:00
3.0979,2016-06-21 00:00
3.0977,2016-06-20 23:00
3.0974,2016-06-20 22:00
3.0972,2016-06-20 21:00
3.0970,2016-06-20 20:00
3.0968,2016-06-20 19:00
3.0966,2016-06-20 18:00
3.0963,2016-06-20 17:00
3.0961,2016-06-20 16:00
3.0958,2016-06-20 15:00
3.0956,2016-06-20 14:00
3.0953,2016-06-20 13:00
3.0951,2016-06-20 12:00
3.0948,2016-06-20 11:00
3.0945,2016-06-20 10:00
3.0943,2016-06-20 09:00
3.0940,2016-06-20 08:00
3.0937,2016-06-20 07:00
3.0934,2016-06-20 06:00
3.0931,2016-06-20 05:00
3.0928,2016-06-20 04:00
3.0925,2016-06-20 03:00
3.0922,2016-06-20 02:00
3.0919,2016-06-20 01:00
3.0916,2016-06-20 00:00
3.0913,2016-06-19 23:00
3.0909,2016-06-19 22:00
3.0906,2016-06-19 21:00
3.0903,2016-06-19 20:00
3.0899,2016-06-19 19:00
3.0896,2016-06-19 18:00
3.0893,2016-06-19 17:00
3.0889,2016-06-19 16:00
3.0886,2016-06-19 15:00
3.0883,2016-06-19 14:00
3.0879,2016-06-19 13:00
3.0876,2016-06-19 12:00
3.0873,2016-06-19 11:00
3.0869,2016-06-19 10:00
3.0866,2016-06-19 09:00
3.0864,2016-06-19 08:00
3.0861,2016-06-19 07:00
3.0859,2016-06-19 06:00
3.0856,2016-06-19 05:00
3.0855,2016-06-19 04:00
3.0854,2016-06-19 03:00
3.0853,2016-06-19 02:00
3.0854,2016-06-19 01:00
3.0855,2016-06-19 00:00
3.0858,2016-06-18 23:00
3.0862,2016-06-18 22:00
3.0868,2016-06-18 21:00
3.0877,2016-06-18 20:00
3.0888,2016-06-18 19:00
3.0902,2016-06-18 18:00
3.0920,2016-06-18 17:00
3.0943,2016-06-18 16:00
3.0971,2016-06-18 15:00
3.1006,2016-06-18 14:00
3.1048,2016-06-18 13:00
3.1099,2016-06-18 12:00
3.1161,2016-06-18 11:00
3.1235,2016-06-18 10:00
3.1322,2016-06-18 09:00
3.1426,2016-06-18 08:00
3.1548,2016-06-18 07:00
3.1692,2016-06-18 06:00
3.1859,2016-06-18 05:00
3.2053,2016-06-18 04:00
3.2278,2016-06-18 03:00
3.2536,2016-06-18 02:00
3.2833,2016-06-18 01:00
3.3172,2016-06-18 00:00
3.3557,2016-06-17 23:00
3.3995,2016-06-17 22:00
3.4489,2016-06-17 21:00
3.5046,2016-06-17 20:00
3.5671,2016-06-17 19:00
3.6372,2016-06-17 18:00
3.7156,2016-06-17 17:00
3.8030,2016-06-17 16:00
3.9003,2016-06-17 15:00
4.0084,2016-06-17 14:00
4.1284,2016-06-17 13:00
4.2613,2016-06-17 12:00
4.4085,2016-06-17 11:00
4.5713,2016-06-17 10:00
4.7512,2016-06-17 09:00
4.9500,2016-06-17 08:00
5.1696,2016-06-17 07:00
5.4121,2016-06-17 06:00
5.6799,2016-06-17 05:00
5.9756,2016-06-17 04:00
6.3024,2016-06-17 03:00
6.6635,2016-06-17 02:00
7.0629,2016-06-17 01:00
7.5047,2016-06-17 00:00
7.9939,2016-06-16 23:00
8.5360,2016-06-16 22:00
9.1370,2016-06-16 21:00
9.8041,2016-06-16 20:00
10.5450,2016-06-16 19:00
11.3686,2016-06-16 18:00
12.2848,2016-06-16 17:00
13.3048,2016-06-16 16:00
14.4407,2016-06-16 15:00
15.7060,2016-06-16 14:00
17.1151,2016-06-16 13:00
18.6831,2016-06-16 12:00
20.4247,2016-06-16 11:00
22.3535,2016-06-16 10:00
24.4790,2016-06-16 09:00
26.8031,2016-06-16 08:00
29.3135,2016-06-16 07:00
31.9735,2016-06-16 06:00
34.7059,2016-06-16 05:00
37.3698,2016-06-16 04:00
39.7301,2016-06-16 03:00
41.4295,2016-06-16 02:00
41.9890,2016-06-16 01:00
40.9003,2016-06-16 00:00
37.8824,2016-06-15 23:00
33.2508,2016-06-15 22:00
28.0370,2016-06-15 21:00
23.4601,2016-06-15 20:00
20.1641,2016-06-15 19:00
18.0853,2016-06-15 18:00
16.8584,2016-06-15 17:00
16.1392,2016-06-15 16:00
15.6932,2016-06-15 15:00
15.3694,2016-06-15 14:00
15.0533,2016-06-15 13:00
14.6435,2016-06-15 12:00
14.0694,2016-06-15 11:00
13.3154,2016-06-15 10:00
12.4168,2016-06-15 09:00
11.4557,2016-06-15 08:00
10.5608,2016-06-15 07:00
9.8282,2016-06-15 06:00
9.1882,2016-06-15 05:00
8.4175,2016-06-15 04:00
7.3829,2016-06-15 03:00
6.3022,2016-06-15 02:00
5.6669,2016-06-15 01:00
5.3546,2016-06-15 00:00
5.0768,2016-06-14 23:00
4.7957,2016-06-14 22:00
4.5364,2016-06-14 21:00
4.3581,2016-06-14 20:00
4.3044,2016-06-14 19:00
4.3097,2016-06-14 18:00
4.3356,2016-06-14 17:00
4.3733,2016-06-14 16:00
4.4132,2016-06-14 15:00
4.4451,2016-06-14 14:00
4.4599,2016-06-14 13:00
4.4514,2016-06-14 12:00
4.4179,2016-06-14 11:00
4.3628,2016-06-14 10:00
4.2955,2016-06-14 09:00
4.2313,2016-06-14 08:00
4.1862,2016-06-14 07:00
4.1659,2016-06-14 06:00
4.1537,2016-06-14 05:00
4.1117,2016-06-14 04:00
4.0026,2016-06-14 03:00
3.8301,2016-06-14 02:00
3.6404,2016-06-14 01:00
3.5460,2016-06-14 00:00
3.5256,2016-06-13 23:00
3.5067,2016-06-13 22:00
3.4895,2016-06-13 21:00
3.4760,2016-06-13 20:00
3.4682,2016-06-13 19:00
3.4675,2016-06-13 18:00
3.4749,2016-06-13 17:00
3.4910,2016-06-13 16:00
3.5158,2016-06-13 15:00
3.5492,2016-06-13 14:00
3.5915,2016-06-13 13:00
3.6431,2016-06-13 12:00
3.7043,2016-06-13 11:00
3.7755,2016-06-13 10:00
3.8563,2016-06-13 09:00
3.9455,2016-06-13 08:00
4.0407,2016-06-13 07:00
4.1386,2016-06-13 06:00
4.2349,2016-06-13 05:00
4.3238,2016-06-13 04:00
4.3986,2016-06-13 03:00
4.4526,2016-06-13 02:00
4.4826,2016-06-13 01:00
4.4934,2016-06-13 00:00
4.4982,2016-06-12 23:00
4.5103,2016-06-12 22:00
4.5320,2016-06-12 21:00
4.5485,2016-06-12 20:00
4.5379,2016-06-12 19:00
4.4962,2016-06-12 18:00
4.4508,2016-06-12 17:00
4.4516,2016-06-12 16:00
4.4898,2016-06-12 15:00
4.5236,2016-06-12 14:00
4.5401,2016-06-12 13:00
4.5426,2016-06-12 12:00
4.5387,2016-06-12 11:00
4.5316,2016-06-12 10:00
4.5161,2016-06-12 09:00
4.4868,2016-06-12 08:00
4.4468,2016-06-12 07:00
4.4014,2016-06-12 06:00
4.3577,2016-06-12 05:00
4.3233,2016-06-12 04:00
4.3050,2016-06-12 03:00
4.3078,2016-06-12 02:00
4.3344,2016-06-12 01:00
4.3863,2016-06-12 00:00
4.4643,2016-06-11 23:00
4.5694,2016-06-11 22:00
4.7021,2016-06-11 21:00
4.8621,2016-06-11 20:00
5.0463,2016-06-11 19:00
5.2479,2016-06-11 18:00
5.4554,2016-06-11 17:00
5.6526,2016-06-11 16:00
5.8178,2016-06-11 15:00
5.9252,2016-06-11 14:00
5.9488,2016-06-11 13:00
5.8727,2016-06-11 12:00
5.7054,2016-06-11 11:00
5.4867,2016-06-11 10:00
5.2690,2016-06-11 09:00
5.0805,2016-06-11 08:00
4.9047,2016-06-11 07:00
4.6990,2016-06-11 06:00
4.4609,2016-06-11 05:00
4.2075,2016-06-11 04:00
3.9823,2016-06-11 03:00
3.8864,2016-06-11 02:00
3.9039,2016-06-11 01:00
3.9531,2016-06-11 00:00
3.9970,2016-06-10 23:00
4.0348,2016-06-10 22:00
4.0659,2016-06-10 21:00
4.0896,2016-06-10 20:00
4.1055,2016-06-10 19:00
4.1133,2016-06-10 18:00
4.1127,2016-06-10 17:00
4.1037,2016-06-10 16:00
4.0865,2016-06-10 15:00
4.0620,2016-06-10 14:00
4.0317,2016-06-10 13:00
3.9977,2016-06-10 12:00
3.9630,2016-06-10 11:00
3.9311,2016-06-10 10:00
3.9055,2016-06-10 09:00
3.8897,2016-06-10 08:00
3.8860,2016-06-10 07:00
3.8961,2016-06-10 06:00
3.9200,2016-06-10 05:00
3.9567,2016-06-10 04:00
4.0038,2016-06-10 03:00
4.0576,2016-06-10 02:00
4.1132,2016-06-10 01:00
4.1642,2016-06-10 00:00
4.2033,2016-06-09 23:00
4.2226,2016-06-09 22:00
4.2163,2016-06-09 21:00
4.1825,2016-06-09 20:00
4.1258,2016-06-09 19:00
4.0548,2016-06-09 18:00
3.9772,2016-06-09 17:00
3.8915,2016-06-09 16:00
3.7852,2016-06-09 15:00
3.6477,2016-06-09 14:00
3.4896,2016-06-09 13:00
3.3687,2016-06-09 12:00
3.3106,2016-06-09 11:00
3.2708,2016-06-09 10:00
3.2120,2016-06-09 09:00
3.1311,2016-06-09 08:00
3.0581,2016-06-09 07:00
3.0296,2016-06-09 06:00
3.0274,2016-06-09 05:00
3.0273,2016-06-09 04:00
3.0273,2016-06-09 03:00
3.0272,2016-06-09 02:00
3.0272,2016-06-09 01:00
3.0271,2016-06-09 00:00
3.0270,2016-06-08 23:00
3.0270,2016-06-08 22:00
3.0269,2016-06-08 21:00
3.0268,2016-06-08 20:00
3.0267,2016-06-08 19:00
3.0266,2016-06-08 18:00
3.0265,2016-06-08 17:00
3.0264,2016-06-08 16:00
3.0263,2016-06-08 15:00
3.0262,2016-06-08 14:00
3.0261,2016-06-08 13:00
3.0260,2016-06-08 12:00
3.0259,2016-06-08 11:00
3.0258,2016-06-08 10:00
3.0256,2016-06-08 09:00
3.0255,2016-06-08 08:00
3.0254,2016-06-08 07:00
3.0253,2016-06-08 06:00
3.0251,2016-06-08 05:00
3.0250,2016-06-08 04:00
3.0249,2016-06-08 03:00
3.0248,2016-06-08 02:00
3.0247,2016-06-08 01:00
3.0247,2016-06-08 00:00
3.0247,2016-06-07 23:00
3.0247,2016-06-07 22:00
3.0249,2016-06-07 21:00
3.0252,2016-06-07 20:00
3.0256,2016-06-07 19:00
3.0262,2016-06-07 18:00
3.0271,2016-06-07 17:00
3.0283,2016-06-07 16:00
3.0299,2016-06-07 15:00
3.0321,2016-06-07 14:00
3.0350,2016-06-07 13:00
3.0388,2016-06-07 12:00
3.0436,2016-06-07 11:00
3.0496,2016-06-07 10:00
3.0571,2016-06-07 09:00
3.0663,2016-06-07 08:00
3.0775,2016-06-07 07:00
3.0909,2016-06-07 06:00
3.1068,2016-06-07 05:00
3.1254,2016-06-07 04:00
3.1470,2016-06-07 03:00
3.1716,2016-06-07 02:00
3.1995,2016-06-07 01:00
3.2306,2016-06-07 00:00
3.2650,2016-06-06 23:00
3.3027,2016-06-06 22:00
3.3434,2016-06-06 21:00
3.3872,2016-06-06 20:00
3.4338,2016-06-06 19:00
3.4832,2016-06-06 18:00
3.5354,2016-06-06 17:00
3.5904,2016-06-06 16:00
3.6486,2016-06-06 15:00
3.7104,2016-06-06 14:00
3.7765,2016-06-06 13:00
3.8478,2016-06-06 12:00
3.9252,2016-06-06 11:00
4.0098,2016-06-06 10:00
4.1022,2016-06-06 09:00
4.2033,2016-06-06 08:00
4.3132,2016-06-06 07:00
4.4318,2016-06-06 06:00
4.5588,2016-06-06 05:00
4.6934,2016-06-06 04:00
4.8354,2016-06-06 03:00
4.9846,2016-06-06 02:00
5.1422,2016-06-06 01:00
5.3104,2016-06-06 00:00
5.4926,2016-06-05 23:00
5.6938,2016-06-05 22:00
5.9194,2016-06-05 21:00
6.1751,2016-06-05 20:00
6.4667,2016-06-05 19:00
6.7998,2016-06-05 18:00
7.1798,2016-06-05 17:00
7.6123,2016-06-05 16:00
8.1024,2016-06-05 15:00
8.6535,2016-06-05 14:00
9.2642,2016-06-05 13:00
9.9252,2016-06-05 12:00
10.6130,2016-06-05 11:00
11.2850,2016-06-05 10:00
11.8745,2016-06-05 09:00
12.2934,2016-06-05 08:00
12.4556,2016-06-05 07:00
12.3281,2016-06-05 06:00
11.9857,2016-06-05 05:00
11.5837,2016-06-05 04:00
11.2051,2016-06-05 03:00
10.7189,2016-06-05 02:00
9.8909,2016-06-05 01:00
8.8094,2016-06-05 00:00
8.0876,2016-06-04 23:00
8.1784,2016-06-04 22:00
8.6274,2016-06-04 21:00
9.0894,2016-06-04 20:00
9.5285,2016-06-04 19:00
9.8941,2016-06-04 18:00
10.1256,2016-06-04 17:00
10.1601,2016-06-04 16:00
9.9440,2016-06-04 15:00
9.4561,2016-06-04 14:00
8.7456,2016-06-04 13:00
7.9475,2016-06-04 12:00
7.2134,2016-06-04 11:00
6.5848,2016-06-04 10:00
5.9666,2016-06-04 09:00
5.2629,2016-06-04 08:00
4.5570,2016-06-04 07:00
3.9806,2016-06-04 06:00
3.5209,2016-06-04 05:00
3.2154,2016-06-04 04:00
3.0802,2016-06-04 03:00
3.0367,2016-06-04 02:00
3.0194,2016-06-04 01:00
3.0093,2016-06-04 00:00
3.0063,2016-06-03 23:00
3.0065,2016-06-03 22:00
3.0068,2016-06-03 21:00
3.0073,2016-06-03 20:00
3.0079,2016-06-03 19:00
3.0087,2016-06-03 18:00
3.0099,2016-06-03 17:00
3.0114,2016-06-03 16:00
3.0135,2016-06-03 15:00
3.0161,2016-06-03 14:00
3.0195,2016-06-03 13:00
3.0239,2016-06-03 12:00
3.0295,2016-06-03 11:00
3.0365,2016-06-03 10:00
3.0451,2016-06-03 09:00
3.0557,2016-06-03 08:00
3.0685,2016-06-03 07:00
3.0839,2016-06-03 06:00
3.1022,2016-06-03 05:00
3.1237,2016-06-03 04:00
3.1486,2016-06-03 03:00
3.1772,2016-06-03 02:00
3.2098,2016-06-03 01:00
3.2465,2016-06-03 00:00
3.2874,2016-06-02 23:00
3.3326,2016-06-02 22:00
3.3820,2016-06-02 21:00
3.4356,2016-06-02 20:00
3.4932,2016-06-02 19:00
3.5548,2016-06-02 18:00
3.6200,2016-06-02 17:00
3.6887,2016-06-02 16:00
3.7606,2016-06-02 15:00
3.8356,2016-06-02 14:00
3.9134,2016-06-02 13:00
3.9936,2016-06-02 12:00
4.0760,2016-06-02 11:00
4.1599,2016-06-02 10:00
4.2447,2016-06-02 09:00
4.3292,2016-06-02 08:00
4.4122,2016-06-02 07:00
4.4923,2016-06-02 06:00
4.5681,2016-06-02 05:00
4.6391,2016-06-02 04:00
4.7056,2016-06-02 03:00
4.7699,2016-06-02 02:00
4.8365,2016-06-02 01:00
4.9120,2016-06-02 00:00
5.0049,2016-06-01 23:00
5.1246,2016-06-01 22:00
5.2805,2016-06-01 21:00
5.4812,2016-06-01 20:00
5.7343,2016-06-01 19:00
6.0458,2016-06-01 18:00
6.4196,2016-06-01 17:00
6.8565,2016-06-01 16:00
7.3509,2016-06-01 15:00
7.8882,2016-06-01 14:00
8.4398,2016-06-01 13:00
8.9596,2016-06-01 12:00
9.3827,2016-06-01 11:00
9.6300,2016-06-01 10:00
9.6239,2016-06-01 09:00
9.3236,2016-06-01 08:00
8.7698,2016-06-01 07:00
8.0981,2016-06-01 06:00
7.4621,2016-06-01 05:00
6.9050,2016-06-01 04:00
6.3351,2016-06-01 03:00
5.6687,2016-06-01 02:00
5.0488,2016-06-01 01:00
4.5885,2016-06-01 00:00
4.3082,2016-05-31 23:00
4.2900,2016-05-31 22:00
4.4397,2016-05-31 21:00
4.6261,2016-05-31 20:00
4.8261,2016-05-31 19:00
5.0294,2016-05-31 18:00
5.2206,2016-05-31 17:00
5.3784,2016-05-31 16:00
5.4767,2016-05-31 15:00
5.4910,2016-05-31 14:00
5.4093,2016-05-31 13:00
5.2445,2016-05-31 12:00
5.0339,2016-05-31 11:00
4.8163,2016-05-31 10:00
4.6020,2016-05-31 09:00
4.3706,2016-05-31 08:00
4.0969,2016-05-31 07:00
3.8372,2016-05-31 06:00
3.6143,2016-05-31 05:00
3.4318,2016-05-31 04:00
3.3183,2016-05-31 03:00
3.2945,2016-05-31 02:00
3.3271,2016-05-31 01:00
3.3604,2016-05-31 00:00
3.3942,2016-05-30 23:00
3.4282,2016-05-30 22:00
3.4623,2016-05-30 21:00
3.4963,2016-05-30 20:00
3.5302,2016-05-30 19:00
3.5641,2016-05-30 18:00
3.5981,2016-05-30 17:00
3.6323,2016-05-30 16:00
3.6668,2016-05-30 15:00
3.7012,2016-05-30 14:00
3.7349,2016-05-30 13:00
3.7667,2016-05-30 12:00
3.7949,2016-05-30 11:00
3.8169,2016-05-30 10:00
3.8297,2016-05-30 09:00
3.8298,2016-05-30 08:00
3.8145,2016-05-30 07:00
3.7829,2016-05-30 06:00
3.7372,2016-05-30 05:00
3.6838,2016-05-30 04:00
3.6320,2016-05-30 03:00
3.5917,2016-05-30 02:00
3.5679,2016-05-30 01:00
3.5555,2016-05-30 00:00
3.5424,2016-05-29 23:00
3.5258,2016-05-29 22:00
3.5152,2016-05-29 21:00
3.5204,2016-05-29 20:00
3.5405,2016-05-29 19:00
3.5611,2016-05-29 18:00
3.5813,2016-05-29 17:00
3.5998,2016-05-29 16:00
3.6152,2016-05-29 15:00
3.6268,2016-05-29 14:00
3.6345,2016-05-29 13:00
3.6383,2016-05-29 12:00
3.6378,2016-05-29 11:00
3.6329,2016-05-29 10:00
3.6249,2016-05-29 09:00
3.6166,2016-05-29 08:00
3.6108,2016-05-29 07:00
3.6092,2016-05-29 06:00
3.6116,2016-05-29 05:00
3.6162,2016-05-29 04:00
3.6212,2016-05-29 03:00
3.6242,2016-05-29 02:00
3.6207,2016-05-29 01:00
3.6056,2016-05-29 00:00
3.5789,2016-05-28 23:00
3.5681,2016-05-28 22:00
3.5761,2016-05-28 21:00
3.5865,2016-05-28 20:00
3.5999,2016-05-28 19:00
3.6176,2016-05-28 18:00
3.6416,2016-05-28 17:00
3.6751,2016-05-28 16:00
3.7218,2016-05-28 15:00
3.7841,2016-05-28 14:00
3.8616,2016-05-28 13:00
3.9487,2016-05-28 12:00
4.0361,2016-05-28 11:00
4.1197,2016-05-28 10:00
4.1979,2016-05-28 09:00
4.2788,2016-05-28 08:00
4.3608,2016-05-28 07:00
4.4244,2016-05-28 06:00
4.4660,2016-05-28 05:00
4.5016,2016-05-28 04:00
4.5492,2016-05-28 03:00
4.6090,2016-05-28 02:00
4.6446,2016-05-28 01:00
4.5888,2016-05-28 00:00
4.3982,2016-05-27 23:00
4.0807,2016-05-27 22:00
3.9085,2016-05-27 21:00
3.8937,2016-05-27 20:00
3.8702,2016-05-27 19:00
3.8471,2016-05-27 18:00
3.8237,2016-05-27 17:00
3.7963,2016-05-27 16:00
3.7657,2016-05-27 15:00
3.7308,2016-05-27 14:00
3.6916,2016-05-27 13:00
3.6518,2016-05-27 12:00
3.6193,2016-05-27 11:00
3.6044,2016-05-27 10:00
3.6046,2016-05-27 09:00
3.6127,2016-05-27 08:00
3.6282,2016-05-27 07:00
3.6507,2016-05-27 06:00
3.6796,2016-05-27 05:00
3.7142,2016-05-27 04:00
3.7529,2016-05-27 03:00
3.7939,2016-05-27 02:00
3.8344,2016-05-27 01:00
3.8708,2016-05-27 00:00
3.8991,2016-05-26 23:00
3.9142,2016-05-26 22:00
3.9107,2016-05-26 21:00
3.8840,2016-05-26 20:00
3.8328,2016-05-26 19:00
3.7622,2016-05-26 18:00
3.6846,2016-05-26 17:00
3.6172,2016-05-26 16:00
3.5697,2016-05-26 15:00
3.5282,2016-05-26 14:00
3.4576,2016-05-26 13:00
3.3333,2016-05-26 12:00
3.1975,2016-05-26 11:00
3.1315,2016-05-26 10:00
3.1323,2016-05-26 09:00
3.1351,2016-05-26 08:00
3.1395,2016-05-26 07:00
3.1445,2016-05-26 06:00
3.1494,2016-05-26 05:00
3.1535,2016-05-26 04:00
3.1565,2016-05-26 03:00
3.1584,2016-05-26 02:00
3.1597,2016-05-26 01:00
3.1610,2016-05-26 00:00
3.1635,2016-05-25 23:00
3.1681,2016-05-25 22:00
3.1733,2016-05-25 21:00
3.1745,2016-05-25 20:00
3.1664,2016-05-25 19:00
3.1449,2016-05-25 18:00
3.1216,2016-05-25 17:00
3.1107,2016-05-25 16:00
3.1030,2016-05-25 15:00
3.1015,2016-05-25 14:00
3.0986,2016-05-25 13:00
3.0945,2016-05-25 12:00
3.0893,2016-05-25 11:00
3.0832,2016-05-25 10:00
3.0766,2016-05-25 09:00
3.0697,2016-05-25 08:00
3.0627,2016-05-25 07:00
3.0560,2016-05-25 06:00
3.0497,2016-05-25 05:00
3.0440,2016-05-25 04:00
3.0391,2016-05-25 03:00
3.0349,2016-05-25 02:00
3.0316,2016-05-25 01:00
3.0290,2016-05-25 00:00
3.0272,2016-05-24 23:00
3.0259,2016-05-24 22:00
3.0250,2016-05-24 21:00
3.0245,2016-05-24 20:00
3.0243,2016-05-24 19:00
3.0242,2016-05-24 18:00
3.0242,2016-05-24 17:00
3.0242,2016-05-24 16:00
3.0243,2016-05-24 15:00
3.0244,2016-05-24 14:00
3.0245,2016-05-24 13:00
3.0246,2016-05-24 12:00
3.0247,2016-05-24 11:00
3.0250,2016-05-24 10:00
3.0253,2016-05-24 09:00
3.0257,2016-05-24 08:00
3.0262,2016-05-24 07:00
3.0266,2016-05-24 06:00
3.0271,2016-05-24 05:00
3.0275,2016-05-24 04:00
3.0280,2016-05-24 03:00
3.0284,2016-05-24 02:00
3.0289,2016-05-24 01:00
3.0293,2016-05-24 00:00
3.0298,2016-05-23 23:00
3.0302,2016-05-23 22:00
3.0306,2016-05-23 21:00
3.0311,2016-05-23 20:00
3.0315,2016-05-23 19:00
3.0320,2016-05-23 18:00
3.0324,2016-05-23 17:00
3.0328,2016-05-23 16:00
3.0333,2016-05-23 15:00
3.0337,2016-05-23 14:00
3.0341,2016-05-23 13:00
3.0345,2016-05-23 12:00
3.0350,2016-05-23 11:00
3.0354,2016-05-23 10:00
3.0358,2016-05-23 09:00
3.0362,2016-05-23 08:00
3.0367,2016-05-23 07:00
3.0371,2016-05-23 06:00
3.0375,2016-05-23 05:00
3.0379,2016-05-23 04:00
3.0383,2016-05-23 03:00
3.0387,2016-05-23 02:00
3.0392,2016-05-23 01:00
3.0396,2016-05-23 00:00
3.0400,2016-05-22 23:00
3.0404,2016-05-22 22:00
3.0408,2016-05-22 21:00
3.0412,2016-05-22 20:00
3.0416,2016-05-22 19:00
3.0420,2016-05-22 18:00
3.0424,2016-05-22 17:00
3.0428,2016-05-22 16:00
3.0432,2016-05-22 15:00
3.0436,2016-05-22 14:00
3.0440,2016-05-22 13:00
3.0443,2016-05-22 12:00
3.0447,2016-05-22 11:00
3.0451,2016-05-22 10:00
3.0455,2016-05-22 09:00
3.0459,2016-05-22 08:00
3.0463,2016-05-22 07:00
3.0466,2016-05-22 06:00
3.0470,2016-05-22 05:00
3.0474,2016-05-22 04:00
3.0478,2016-05-22 03:00
3.0482,2016-05-22 02:00
3.0485,2016-05-22 01:00
3.0489,2016-05-22 00:00
3.0493,2016-05-21 23:00
3.0496,2016-05-21 22:00
3.0500,2016-05-21 21:00
3.0504,2016-05-21 20:00
3.0507,2016-05-21 19:00
3.0511,2016-05-21 18:00
3.0514,2016-05-21 17:00
3.0518,2016-05-21 16:00
3.0521,2016-05-21 15:00
3.0525,2016-05-21 14:00
3.0529,2016-05-21 13:00
3.0532,2016-05-21 12:00
3.0535,2016-05-21 11:00
3.0539,2016-05-21 10:00
3.0542,2016-05-21 09:00
3.0546,2016-05-21 08:00
3.0549,2016-05-21 07:00
3.0553,2016-05-21 06:00
3.0556,2016-05-21 05:00
3.0559,2016-05-21 04:00
3.0563,2016-05-21 03:00
3.0566,2016-05-21 02:00
3.0569,2016-05-21 01:00
3.0572,2016-05-21 00:00
3.0576,2016-05-20 23:00
3.0579,2016-05-20 22:00
3.0582,2016-05-20 21:00
3.0585,2016-05-20 20:00
3.0589,2016-05-20 19:00
3.0592,2016-05-20 18:00
3.0595,2016-05-20 17:00
3.0598,2016-05-20 16:00
3.0601,2016-05-20 15:00
3.0604,2016-05-20 14:00
3.0607,2016-05-20 13:00
3.0610,2016-05-20 12:00
3.0614,2016-05-20 11:00
3.0617,2016-05-20 10:00
3.0620,2016-05-20 09:00
3.0623,2016-05-20 08:00
3.0626,2016-05-20 07:00
3.0629,2016-05-20 06:00
3.0633,2016-05-20 05:00
3.0636,2016-05-20 04:00
3.0640,2016-05-20 03:00
3.0644,2016-05-20 02:00
3.0648,2016-05-20 01:00
3.0653,2016-05-20 00:00
3.0658,2016-05-19 23:00
3.0663,2016-05-19 22:00
3.0670,2016-05-19 21:00
3.0677,2016-05-19 20:00
3.0685,2016-05-19 19:00
3.0694,2016-05-19 18:00
3.0703,2016-05-19 17:00
3.0715,2016-05-19 16:00
3.0727,2016-05-19 15:00
3.0740,2016-05-19 14:00
3.0754,2016-05-19 13:00
3.0769,2016-05-19 12:00
3.0784,2016-05-19 11:00
3.0800,2016-05-19 10:00
3.0816,2016-05-19 09:00
3.0831,2016-05-19 08:00
3.0846,2016-05-19 07:00
3.0859,2016-05-19 06:00
3.0872,2016-05-19 05:00
3.0883,2016-05-19 04:00
3.0894,2016-05-19 03:00
3.0903,2016-05-19 02:00
3.0912,2016-05-19 01:00
3.0921,2016-05-19 00:00
3.0929,2016-05-18 23:00
3.0938,2016-05-18 22:00
3.0947,2016-05-18 21:00
3.0957,2016-05-18 20:00
3.0968,2016-05-18 19:00
3.0979,2016-05-18 18:00
3.0991,2016-05-18 17:00
3.1004,2016-05-18 16:00
3.1017,2016-05-18 15:00
3.1031,2016-05-18 14:00
3.1044,2016-05-18 13:00
3.1058,2016-05-18 12:00
3.1070,2016-05-18 11:00
3.1082,2016-05-18 10:00
3.1093,2016-05-18 09:00
3.1104,2016-05-18 08:00
3.1115,2016-05-18 07:00
3.1126,2016-05-18 06:00
3.1140,2016-05-18 05:00
3.1156,2016-05-18 04:00
3.1176,2016-05-18 03:00
3.1198,2016-05-18 02:00
3.1222,2016-05-18 01:00
3.1246,2016-05-18 00:00
3.1266,2016-05-17 23:00
3.1280,2016-05-17 22:00
3.1283,2016-05-17 21:00
3.1276,2016-05-17 20:00
3.1260,2016-05-17 19:00
3.1239,2016-05-17 18:00
3.1217,2016-05-17 17:00
3.1198,2016-05-17 16:00
3.1183,2016-05-17 15:00
3.1162,2016-05-17 14:00
3.1118,2016-05-17 13:00
3.1048,2016-05-17 12:00
3.0976,2016-05-17 11:00
3.0924,2016-05-17 10:00
3.0903,2016-05-17 09:00
3.0884,2016-05-17 08:00
3.0871,2016-05-17 07:00
3.0864,2016-05-17 06:00
3.0860,2016-05-17 05:00
3.0850,2016-05-17 04:00
3.0833,2016-05-17 03:00
3.0818,2016-05-17 02:00
3.0811,2016-05-17 01:00
3.0814,2016-05-17 00:00
3.0809,2016-05-16 23:00
3.0803,2016-05-16 22:00
3.0805,2016-05-16 21:00
3.0807,2016-05-16 20:00
3.0810,2016-05-16 19:00
3.0813,2016-05-16 18:00
3.0817,2016-05-16 17:00
3.0822,2016-05-16 16:00
3.0829,2016-05-16 15:00
3.0837,2016-05-16 14:00
3.0847,2016-05-16 13:00
3.0861,2016-05-16 12:00
3.0878,2016-05-16 11:00
3.0900,2016-05-16 10:00
3.0928,2016-05-16 09:00
3.0963,2016-05-16 08:00
3.1007,2016-05-16 07:00
3.1061,2016-05-16 06:00
3.1128,2016-05-16 05:00
3.1208,2016-05-16 04:00
3.1304,2016-05-16 03:00
3.1417,2016-05-16 02:00
3.1549,2016-05-16 01:00
3.1702,2016-05-16 00:00
3.1875,2016-05-15 23:00
3.2069,2016-05-15 22:00
3.2283,2016-05-15 21:00
3.2516,2016-05-15 20:00
3.2765,2016-05-15 19:00
3.3028,2016-05-15 18:00
3.3302,2016-05-15 17:00
3.3581,2016-05-15 16:00
3.3862,2016-05-15 15:00
3.4140,2016-05-15 14:00
3.4411,2016-05-15 13:00
3.4672,2016-05-15 12:00
3.4919,2016-05-15 11:00
3.5150,2016-05-15 10:00
3.5364,2016-05-15 09:00
3.5559,2016-05-15 08:00
3.5731,2016-05-15 07:00
3.5878,2016-05-15 06:00
3.5994,2016-05-15 05:00
3.6076,2016-05-15 04:00
3.6116,2016-05-15 03:00
3.6114,2016-05-15 02:00
3.6070,2016-05-15 01:00
3.5989,2016-05-15 00:00
3.5882,2016-05-14 23:00
3.5765,2016-05-14 22:00
3.5652,2016-05-14 21:00
3.5556,2016-05-14 20:00
3.5486,2016-05-14 19:00
3.5446,2016-05-14 18:00
3.5436,2016-05-14 17:00
3.5456,2016-05-14 16:00
3.5505,2016-05-14 15:00
3.5580,2016-05-14 14:00
3.5677,2016-05-14 13:00
3.5787,2016-05-14 12:00
3.5895,2016-05-14 11:00
3.5984,2016-05-14 10:00
3.6030,2016-05-14 09:00
3.6010,2016-05-14 08:00
3.5898,2016-05-14 07:00
3.5675,2016-05-14 06:00
3.5336,2016-05-14 05:00
3.4907,2016-05-14 04:00
3.4455,2016-05-14 03:00
3.4066,2016-05-14 02:00
3.3779,2016-05-14 01:00
3.3530,2016-05-14 00:00
3.3180,2016-05-13 23:00
3.2599,2016-05-13 22:00
3.1959,2016-05-13 21:00
3.1517,2016-05-13 20:00
3.1310,2016-05-13 19:00
3.1299,2016-05-13 18:00
3.1333,2016-05-13 17:00
3.1365,2016-05-13 16:00
3.1395,2016-05-13 15:00
3.1422,2016-05-13 14:00
3.1447,2016-05-13 13:00
3.1470,2016-05-13 12:00
3.1492,2016-05-13 11:00
3.1511,2016-05-13 10:00
3.1530,2016-05-13 09:00
3.1547,2016-05-13 08:00
3.1564,2016-05-13 07:00
3.1579,2016-05-13 06:00
3.1594,2016-05-13 05:00
3.1610,2016-05-13 04:00
3.1626,2016-05-13 03:00
3.1645,2016-05-13 02:00
3.1669,2016-05-13 01:00
3.1697,2016-05-13 00:00
3.1730,2016-05-12 23:00
3.1770,2016-05-12 22:00
3.1814,2016-05-12 21:00
3.1863,2016-05-12 20:00
3.1916,2016-05-12 19:00
3.1972,2016-05-12 18:00
3.2034,2016-05-12 17:00
3.2103,2016-05-12 16:00
3.2183,2016-05-12 15:00
3.2274,2016-05-12 14:00
3.2379,2016-05-12 13:00
3.2494,2016-05-12 12:00
3.2619,2016-05-12 11:00
3.2750,2016-05-12 10:00
3.2883,2016-05-12 09:00
3.3015,2016-05-12 08:00
3.3145,2016-05-12 07:00
3.3269,2016-05-12 06:00
3.3387,2016-05-12 05:00
3.3499,2016-05-12 04:00
3.3613,2016-05-12 03:00
3.3737,2016-05-12 02:00
3.3864,2016-05-12 01:00
3.4001,2016-05-12 00:00
3.4120,2016-05-11 23:00
3.4171,2016-05-11 22:00
3.4229,2016-05-11 21:00
3.4404,2016-05-11 20:00
3.4646,2016-05-11 19:00
3.4887,2016-05-11 18:00
3.5126,2016-05-11 17:00
3.5363,2016-05-11 16:00
3.5595,2016-05-11 15:00
3.5820,2016-05-11 14:00
3.6035,2016-05-11 13:00
3.6234,2016-05-11 12:00
3.6416,2016-05-11 11:00
3.6577,2016-05-11 10:00
3.6716,2016-05-11 09:00
3.6837,2016-05-11 08:00
3.6944,2016-05-11 07:00
3.7044,2016-05-11 06:00
3.7142,2016-05-11 05:00
3.7245,2016-05-11 04:00
3.7357,2016-05-11 03:00
3.7479,2016-05-11 02:00
3.7610,2016-05-11 01:00
3.7745,2016-05-11 00:00
3.7878,2016-05-10 23:00
3.8003,2016-05-10 22:00
3.8112,2016-05-10 21:00
3.8202,2016-05-10 20:00
3.8271,2016-05-10 19:00
3.8320,2016-05-10 18:00
3.8347,2016-05-10 17:00
3.8350,2016-05-10 16:00
3.8317,2016-05-10 15:00
3.8230,2016-05-10 14:00
3.8070,2016-05-10 13:00
3.7854,2016-05-10 12:00
3.7622,2016-05-10 11:00
3.7447,2016-05-10 10:00
3.7337,2016-05-10 09:00
3.7177,2016-05-10 08:00
3.6906,2016-05-10 07:00
3.6579,2016-05-10 06:00
3.6250,2016-05-10 05:00
3.5836,2016-05-10 04:00
3.5367,2016-05-10 03:00
3.4937,2016-05-10 02:00
3.4613,2016-05-10 01:00
3.4372,2016-05-10 00:00
3.4131,2016-05-09 23:00
3.3877,2016-05-09 22:00
3.3628,2016-05-09 21:00
3.3384,2016-05-09 20:00
3.3086,2016-05-09 19:00
3.2674,2016-05-09 18:00
3.2165,2016-05-09 17:00
3.1563,2016-05-09 16:00
3.1187,2016-05-09 15:00
3.1165,2016-05-09 14:00
3.1191,2016-05-09 13:00
3.1220,2016-05-09 12:00
3.1251,2016-05-09 11:00
3.1286,2016-05-09 10:00
3.1323,2016-05-09 09:00
3.1363,2016-05-09 08:00
3.1404,2016-05-09 07:00
3.1447,2016-05-09 06:00
3.1491,2016-05-09 05:00
3.1534,2016-05-09 04:00
3.1577,2016-05-09 03:00
3.1619,2016-05-09 02:00
3.1659,2016-05-09 01:00
3.1696,2016-05-09 00:00
3.1729,2016-05-08 23:00
3.1758,2016-05-08 22:00
3.1781,2016-05-08 21:00
3.1799,2016-05-08 20:00
3.1810,2016-05-08 19:00
3.1813,2016-05-08 18:00
3.1809,2016-05-08 17:00
3.1796,2016-05-08 16:00
3.1777,2016-05-08 15:00
3.1751,2016-05-08 14:00
3.1720,2016-05-08 13:00
3.1686,2016-05-08 12:00
3.1651,2016-05-08 11:00
3.1617,2016-05-08 10:00
3.1586,2016-05-08 09:00
3.1559,2016-05-08 08:00
3.1538,2016-05-08 07:00
3.1523,2016-05-08 06:00
3.1514,2016-05-08 05:00
3.1510,2016-05-08 04:00
3.1510,2016-05-08 03:00
3.1515,2016-05-08 02:00
3.1521,2016-05-08 01:00
3.1529,2016-05-08 00:00
3.1536,2016-05-07 23:00
3.1540,2016-05-07 22:00
3.1542,2016-05-07 21:00
3.1540,2016-05-07 20:00
3.1535,2016-05-07 19:00
3.1527,2016-05-07 18:00
3.1519,2016-05-07 17:00
3.1513,2016-05-07 16:00
3.1508,2016-05-07 15:00
3.1494,2016-05-07 14:00
3.1458,2016-05-07 13:00
3.1386,2016-05-07 12:00
3.1322,2016-05-07 11:00
3.1298,2016-05-07 10:00
3.1268,2016-05-07 09:00
3.1234,2016-05-07 08:00
3.1214,2016-05-07 07:00
3.1218,2016-05-07 06:00
3.1213,2016-05-07 05:00
3.1199,2016-05-07 04:00
3.1194,2016-05-07 03:00
3.1195,2016-05-07 02:00
3.1197,2016-05-07 01:00
3.1199,2016-05-07 00:00
3.1201,2016-05-06 23:00
3.1203,2016-05-06 22:00
3.1205,2016-05-06 21:00
3.1207,2016-05-06 20:00
3.1208,2016-05-06 19:00
3.1210,2016-05-06 18:00
3.1212,2016-05-06 17:00
3.1214,2016-05-06 16:00
3.1217,2016-05-06 15:00
3.1219,2016-05-06 14:00
3.1221,2016-05-06 13:00
3.1223,2016-05-06 12:00
3.1226,2016-05-06 11:00
3.1228,2016-05-06 10:00
3.1231,2016-05-06 09:00
3.1233,2016-05-06 08:00
3.1236,2016-05-06 07:00
3.1238,2016-05-06 06:00
3.1240,2016-05-06 05:00
3.1242,2016-05-06 04:00
3.1244,2016-05-06 03:00
3.1246,2016-05-06 02:00
3.1247,2016-05-06 01:00
3.1249,2016-05-06 00:00
3.1250,2016-05-05 23:00
3.1252,2016-05-05 22:00
3.1254,2016-05-05 21:00
3.1255,2016-05-05 20:00
3.1258,2016-05-05 19:00
3.1261,2016-05-05 18:00
3.1264,2016-05-05 17:00
3.1268,2016-05-05 16:00
3.1272,2016-05-05 15:00
3.1276,2016-05-05 14:00
3.1281,2016-05-05 13:00
3.1287,2016-05-05 12:00
3.1292,2016-05-05 11:00
3.1299,2016-05-05 10:00
3.1306,2016-05-05 09:00
3.1313,2016-05-05 08:00
3.1321,2016-05-05 07:00
3.1330,2016-05-05 06:00
3.1339,2016-05-05 05:00
3.1349,2016-05-05 04:00
3.1359,2016-05-05 03:00
3.1370,2016-05-05 02:00
3.1380,2016-05-05 01:00
3.1391,2016-05-05 00:00
3.1402,2016-05-04 23:00
3.1413,2016-05-04 22:00
3.1424,2016-05-04 21:00
3.1434,2016-05-04 20:00
3.1443,2016-05-04 19:00
3.1450,2016-05-04 18:00
3.1454,2016-05-04 17:00
3.1456,2016-05-04 16:00
3.1456,2016-05-04 15:00
3.1454,2016-05-04 14:00
3.1452,2016-05-04 13:00
3.1451,2016-05-04 12:00
3.1454,2016-05-04 11:00
3.1462,2016-05-04 10:00
3.1478,2016-05-04 09:00
3.1501,2016-05-04 08:00
3.1526,2016-05-04 07:00
3.1548,2016-05-04 06:00
3.1565,2016-05-04 05:00
3.1591,2016-05-04 04:00
3.1643,2016-05-04 03:00
3.1715,2016-05-04 02:00
3.1795,2016-05-04 01:00
3.1883,2016-05-04 00:00
3.1978,2016-05-03 23:00
3.2080,2016-05-03 22:00
3.2187,2016-05-03 21:00
3.2300,2016-05-03 20:00
3.2417,2016-05-03 19:00
3.2538,2016-05-03 18:00
3.2664,2016-05-03 17:00
3.2793,2016-05-03 16:00
3.2929,2016-05-03 15:00
3.3071,2016-05-03 14:00
3.3222,2016-05-03 13:00
3.3383,2016-05-03 12:00
3.3555,2016-05-03 11:00
3.3740,2016-05-03 10:00
3.3938,2016-05-03 09:00
3.4150,2016-05-03 08:00
3.4377,2016-05-03 07:00
3.4620,2016-05-03 06:00
3.4880,2016-05-03 05:00
3.5161,2016-05-03 04:00
3.5467,2016-05-03 03:00
3.5802,2016-05-03 02:00
3.6172,2016-05-03 01:00
3.6579,2016-05-03 00:00
3.7024,2016-05-02 23:00
3.7506,2016-05-02 22:00
3.8021,2016-05-02 21:00
3.8565,2016-05-02 20:00
3.9131,2016-05-02 19:00
3.9717,2016-05-02 18:00
4.0317,2016-05-02 17:00
4.0925,2016-05-02 16:00
4.1532,2016-05-02 15:00
4.2121,2016-05-02 14:00
4.2674,2016-05-02 13:00
4.3163,2016-05-02 12:00
4.3563,2016-05-02 11:00
4.3851,2016-05-02 10:00
4.4016,2016-05-02 09:00
4.4066,2016-05-02 08:00
4.4036,2016-05-02 07:00
4.3985,2016-05-02 06:00
4.3956,2016-05-02 05:00
4.3927,2016-05-02 04:00
4.3763,2016-05-02 03:00
4.3299,2016-05-02 02:00
4.2516,2016-05-02 01:00
4.1787,2016-05-02 00:00
4.1272,2016-05-01 23:00
4.0913,2016-05-01 22:00
4.0716,2016-05-01 21:00
4.0589,2016-05-01 20:00
4.0501,2016-05-01 19:00
4.0441,2016-05-01 18:00
4.0415,2016-05-01 17:00
4.0431,2016-05-01 16:00
4.0492,2016-05-01 15:00
4.0597,2016-05-01 14:00
4.0738,2016-05-01 13:00
4.0901,2016-05-01 12:00
4.1064,2016-05-01 11:00
4.1199,2016-05-01 10:00
4.1274,2016-05-01 09:00
4.1247,2016-05-01 08:00
4.1074,2016-05-01 07:00
4.0723,2016-05-01 06:00
4.0198,2016-05-01 05:00
3.9566,2016-05-01 04:00
3.8937,2016-05-01 03:00
3.8392,2016-05-01 02:00
3.7875,2016-05-01 01:00
3.7194,2016-05-01 00:00
3.6151,2016-04-30 23:00
3.4896,2016-04-30 22:00
3.3864,2016-04-30 21:00
3.3209,2016-04-30 20:00
3.2758,2016-04-30 19:00
3.2328,2016-04-30 18:00
3.1891,2016-04-30 17:00
3.1532,2016-04-30 16:00
3.1364,2016-04-30 15:00
3.1325,2016-04-30 14:00
3.1334,2016-04-30 13:00
3.1345,2016-04-30 12:00
3.1359,2016-04-30 11:00
3.1377,2016-04-30 10:00
3.1398,2016-04-30 09:00
3.1425,2016-04-30 08:00
3.1459,2016-04-30 07:00
3.1500,2016-04-30 06:00
3.1550,2016-04-30 05:00
3.1610,2016-04-30 04:00
3.1681,2016-04-30 03:00
3.1766,2016-04-30 02:00
3.1863,2016-04-30 01:00
3.1975,2016-04-30 00:00
3.2101,2016-04-29 23:00
3.2242,2016-04-29 22:00
3.2396,2016-04-29 21:00
3.2563,2016-04-29 20:00
3.2740,2016-04-29 19:00
3.2924,2016-04-29 18:00
3.3113,2016-04-29 17:00
3.3303,2016-04-29 16:00
3.3490,2016-04-29 15:00
3.3671,2016-04-29 14:00
3.3841,2016-04-29 13:00
3.3999,2016-04-29 12:00
3.4141,2016-04-29 11:00
3.4267,2016-04-29 10:00
3.4375,2016-04-29 09:00
3.4467,2016-04-29 08:00
3.4542,2016-04-29 07:00
3.4599,2016-04-29 06:00
3.4640,2016-04-29 05:00
3.4662,2016-04-29 04:00
3.4665,2016-04-29 03:00
3.4648,2016-04-29 02:00
3.4610,2016-04-29 01:00
3.4554,2016-04-29 00:00
3.4483,2016-04-28 23:00
3.4403,2016-04-28 22:00
3.4320,2016-04-28 21:00
3.4242,2016-04-28 20:00
3.4175,2016-04-28 19:00
3.4122,2016-04-28 18:00
3.4086,2016-04-28 17:00
3.4068,2016-04-28 16:00
3.4066,2016-04-28 15:00
3.4080,2016-04-28 14:00
3.4109,2016-04-28 13:00
3.4153,2016-04-28 12:00
3.4211,2016-04-28 11:00
3.4279,2016-04-28 10:00
3.4340,2016-04-28 09:00
3.4372,2016-04-28 08:00
3.4372,2016-04-28 07:00
3.4341,2016-04-28 06:00
3.4257,2016-04-28 05:00
3.4117,2016-04-28 04:00
3.3931,2016-04-28 03:00
3.3725,2016-04-28 02:00
3.3538,2016-04-28 01:00
3.3400,2016-04-28 00:00
3.3283,2016-04-27 23:00
3.3110,2016-04-27 22:00
3.2787,2016-04-27 21:00
3.2339,2016-04-27 20:00
3.1933,2016-04-27 19:00
3.1629,2016-04-27 18:00
3.1493,2016-04-27 17:00
3.1503,2016-04-27 16:00
3.1513,2016-04-27 15:00
3.1525,2016-04-27 14:00
3.1538,2016-04-27 13:00
3.1551,2016-04-27 12:00
3.1566,2016-04-27 11:00
3.1581,2016-04-27 10:00
3.1596,2016-04-27 09:00
3.1612,2016-04-27 08:00
3.1627,2016-04-27 07:00
3.1642,2016-04-27 06:00
3.1657,2016-04-27 05:00
3.1670,2016-04-27 04:00
3.1682,2016-04-27 03:00
3.1693,2016-04-27 02:00
3.1703,2016-04-27 01:00
3.1712,2016-04-27 00:00
3.1720,2016-04-26 23:00
3.1729,2016-04-26 22:00
3.1737,2016-04-26 21:00
3.1745,2016-04-26 20:00
3.1754,2016-04-26 19:00
3.1764,2016-04-26 18:00
3.1775,2016-04-26 17:00
3.1787,2016-04-26 16:00
3.1800,2016-04-26 15:00
3.1815,2016-04-26 14:00
3.1832,2016-04-26 13:00
3.1852,2016-04-26 12:00
3.1874,2016-04-26 11:00
3.1899,2016-04-26 10:00
3.1927,2016-04-26 09:00
3.1957,2016-04-26 08:00
3.1989,2016-04-26 07:00
3.2021,2016-04-26 06:00
3.2054,2016-04-26 05:00
3.2085,2016-04-26 04:00
3.2115,2016-04-26 03:00
3.2142,2016-04-26 02:00
3.2167,2016-04-26 01:00
3.2189,2016-04-26 00:00
3.2209,2016-04-25 23:00
3.2228,2016-04-25 22:00
3.2247,2016-04-25 21:00
3.2266,2016-04-25 20:00
3.2287,2016-04-25 19:00
3.2309,2016-04-25 18:00
3.2333,2016-04-25 17:00
3.2358,2016-04-25 16:00
3.2385,2016-04-25 15:00
3.2415,2016-04-25 14:00
3.2447,2016-04-25 13:00
3.2482,2016-04-25 12:00
3.2521,2016-04-25 11:00
3.2565,2016-04-25 10:00
3.2615,2016-04-25 09:00
3.2673,2016-04-25 08:00
3.2739,2016-04-25 07:00
3.2813,2016-04-25 06:00
3.2896,2016-04-25 05:00
3.2986,2016-04-25 04:00
3.3081,2016-04-25 03:00
3.3175,2016-04-25 02:00
3.3264,2016-04-25 01:00
3.3341,2016-04-25 00:00
3.3402,2016-04-24 23:00
3.3441,2016-04-24 22:00
3.3454,2016-04-24 21:00
3.3434,2016-04-24 20:00
3.3380,2016-04-24 19:00
3.3293,2016-04-24 18:00
3.3180,2016-04-24 17:00
3.3054,2016-04-24 16:00
3.2925,2016-04-24 15:00
3.2794,2016-04-24 14:00
3.2660,2016-04-24 13:00
3.2528,2016-04-24 12:00
3.2375,2016-04-24 11:00
3.2146,2016-04-24 10:00
3.1888,2016-04-24 09:00
3.1700,2016-04-24 08:00
3.1689,2016-04-24 07:00
3.1692,2016-04-24 06:00
3.1694,2016-04-24 05:00
3.1697,2016-04-24 04:00
3.1700,2016-04-24 03:00
3.1703,2016-04-24 02:00
3.1706,2016-04-24 01:00
3.1709,2016-04-24 00:00
3.1712,2016-04-23 23:00
3.1715,2016-04-23 22:00
3.1718,2016-04-23 21:00
3.1722,2016-04-23 20:00
3.1726,2016-04-23 19:00
3.1730,2016-04-23 18:00
3.1735,2016-04-23 17:00
3.1740,2016-04-23 16:00
3.1747,2016-04-23 15:00
3.1754,2016-04-23 14:00
3.1764,2016-04-23 13:00
3.1776,2016-04-23 12:00
3.1790,2016-04-23 11:00
3.1808,2016-04-23 10:00
3.1830,2016-04-23 09:00
3.1857,2016-04-23 08:00
3.1889,2016-04-23 07:00
3.1928,2016-04-23 06:00
3.1974,2016-04-23 05:00
3.2028,2016-04-23 04:00
3.2091,2016-04-23 03:00
3.2164,2016-04-23 02:00
3.2245,2016-04-23 01:00
3.2336,2016-04-23 00:00
3.2436,2016-04-22 23:00
3.2543,2016-04-22 22:00
3.2657,2016-04-22 21:00
3.2776,2016-04-22 20:00
3.2897,2016-04-22 19:00
3.3018,2016-04-22 18:00
3.3138,2016-04-22 17:00
3.3254,2016-04-22 16:00
3.3363,2016-04-22 15:00
3.3464,2016-04-22 14:00
3.3555,2016-04-22 13:00
3.3637,2016-04-22 12:00
3.3707,2016-04-22 11:00
3.3768,2016-04-22 10:00
3.3818,2016-04-22 09:00
3.3859,2016-04-22 08:00
3.3891,2016-04-22 07:00
3.3913,2016-04-22 06:00
3.3927,2016-04-22 05:00
3.3931,2016-04-22 04:00
3.3929,2016-04-22 03:00
3.3919,2016-04-22 02:00
3.3895,2016-04-22 01:00
3.3840,2016-04-22 00:00
3.3727,2016-04-21 23:00
3.3626,2016-04-21 22:00
3.3624,2016-04-21 21:00
3.3642,2016-04-21 20:00
3.3684,2016-04-21 19:00
3.3747,2016-04-21 18:00
3.3835,2016-04-21 17:00
3.3949,2016-04-21 16:00
3.4088,2016-04-21 15:00
3.4249,2016-04-21 14:00
3.4429,2016-04-21 13:00
3.4617,2016-04-21 12:00
3.4805,2016-04-21 11:00
3.4981,2016-04-21 10:00
3.5135,2016-04-21 09:00
3.5259,2016-04-21 08:00
3.5350,2016-04-21 07:00
3.5409,2016-04-21 06:00
3.5444,2016-04-21 05:00
3.5473,2016-04-21 04:00
3.5508,2016-04-21 03:00
3.5550,2016-04-21 02:00
3.5568,2016-04-21 01:00
3.5515,2016-04-21 00:00
3.5354,2016-04-20 23:00
3.5141,2016-04-20 22:00
3.4935,2016-04-20 21:00
3.4779,2016-04-20 20:00
3.4724,2016-04-20 19:00
3.4684,2016-04-20 18:00
3.4622,2016-04-20 17:00
3.4554,2016-04-20 16:00
3.4497,2016-04-20 15:00
3.4442,2016-04-20 14:00
3.4393,2016-04-20 13:00
3.4355,2016-04-20 12:00
3.4331,2016-04-20 11:00
3.4324,2016-04-20 10:00
3.4335,2016-04-20 09:00
3.4365,2016-04-20 08:00
3.4416,2016-04-20 07:00
3.4485,2016-04-20 06:00
3.4572,2016-04-20 05:00
3.4670,2016-04-20 04:00
3.4770,2016-04-20 03:00
3.4859,2016-04-20 02:00
3.4924,2016-04-20 01:00
3.4952,2016-04-20 00:00
3.4935,2016-04-19 23:00
3.4874,2016-04-19 22:00
3.4776,2016-04-19 21:00
3.4659,2016-04-19 20:00
3.4537,2016-04-19 19:00
3.4418,2016-04-19 18:00
3.4294,2016-04-19 17:00
3.4124,2016-04-19 16:00
3.3869,2016-04-19 15:00
3.3511,2016-04-19 14:00
3.3141,2016-04-19 13:00
3.2861,2016-04-19 12:00
3.2681,2016-04-19 11:00
3.2569,2016-04-19 10:00
3.2513,2016-04-19 09:00
3.2455,2016-04-19 08:00
3.2380,2016-04-19 07:00
3.2293,2016-04-19 06:00
3.2209,2016-04-19 05:00
3.2145,2016-04-19 04:00
3.2107,2016-04-19 03:00
3.2092,2016-04-19 02:00
3.2097,2016-04-19 01:00
3.2102,2016-04-19 00:00
3.2107,2016-04-18 23:00
3.2111,2016-04-18 22:00
3.2116,2016-04-18 21:00
3.2121,2016-04-18 20:00
3.2126,2016-04-18 19:00
3.2131,2016-04-18 18:00
3.2136,2016-04-18 17:00
3.2141,2016-04-18 16:00
3.2145,2016-04-18 15:00
3.2150,2016-04-18 14:00
3.2155,2016-04-18 13:00
3.2160,2016-04-18 12:00
3.2165,2016-04-18 11:00
3.2170,2016-04-18 10:00
3.2174,2016-04-18 09:00
3.2179,2016-04-18 08:00
3.2184,2016-04-18 07:00
3.2189,2016-04-18 06:00
3.2193,2016-04-18 05:00
3.2198,2016-04-18 04:00
3.2203,2016-04-18 03:00
3.2208,2016-04-18 02:00
3.2212,2016-04-18 01:00
3.2217,2016-04-18 00:00
3.2222,2016-04-17 23:00
3.2226,2016-04-17 22:00
3.2231,2016-04-17 21:00
3.2236,2016-04-17 20:00
3.2240,2016-04-17 19:00
3.2245,2016-04-17 18:00
3.2250,2016-04-17 17:00
3.2254,2016-04-17 16:00
3.2259,2016-04-17 15:00
3.2264,2016-04-17 14:00
3.2268,2016-04-17 13:00
3.2273,2016-04-17 12:00
3.2277,2016-04-17 11:00
3.2282,2016-04-17 10:00
3.2287,2016-04-17 09:00
3.2291,2016-04-17 08:00
3.2296,2016-04-17 07:00
3.2300,2016-04-17 06:00
3.2305,2016-04-17 05:00
3.2309,2016-04-17 04:00
3.2314,2016-04-17 03:00
3.2318,2016-04-17 02:00
3.2323,2016-04-17 01:00
3.2327,2016-04-17 00:00
3.2332,2016-04-16 23:00
3.2336,2016-04-16 22:00
3.2341,2016-04-16 21:00
3.2345,2016-04-16 20:00
3.2350,2016-04-16 19:00
3.2354,2016-04-16 18:00
3.2359,2016-04-16 17:00
3.2363,2016-04-16 16:00
3.2367,2016-04-16 15:00
3.2372,2016-04-16 14:00
3.2376,2016-04-16 13:00
3.2381,2016-04-16 12:00
3.2385,2016-04-16 11:00
3.2389,2016-04-16 10:00
3.2394,2016-04-16 09:00
3.2398,2016-04-16 08:00
3.2403,2016-04-16 07:00
3.2407,2016-04-16 06:00
3.2412,2016-04-16 05:00
3.2416,2016-04-16 04:00
3.2421,2016-04-16 03:00
3.2425,2016-04-16 02:00
3.2430,2016-04-16 01:00
3.2435,2016-04-16 00:00
3.2440,2016-04-15 23:00
3.2446,2016-04-15 22:00
3.2452,2016-04-15 21:00
3.2458,2016-04-15 20:00
3.2465,2016-04-15 19:00
3.2472,2016-04-15 18:00
3.2480,2016-04-15 17:00
3.2489,2016-04-15 16:00
3.2499,2016-04-15 15:00
3.2510,2016-04-15 14:00
3.2522,2016-04-15 13:00
3.2535,2016-04-15 12:00
3.2550,2016-04-15 11:00
3.2565,2016-04-15 10:00
3.2581,2016-04-15 09:00
3.2597,2016-04-15 08:00
3.2614,2016-04-15 07:00
3.2631,2016-04-15 06:00
3.2648,2016-04-15 05:00
3.2664,2016-04-15 04:00
3.2679,2016-04-15 03:00
3.2693,2016-04-15 02:00
3.2705,2016-04-15 01:00
3.2716,2016-04-15 00:00
3.2725,2016-04-14 23:00
3.2732,2016-04-14 22:00
3.2737,2016-04-14 21:00
3.2741,2016-04-14 20:00
3.2744,2016-04-14 19:00
3.2744,2016-04-14 18:00
3.2744,2016-04-14 17:00
3.2742,2016-04-14 16:00
3.2740,2016-04-14 15:00
3.2736,2016-04-14 14:00
3.2732,2016-04-14 13:00
3.2728,2016-04-14 12:00
3.2724,2016-04-14 11:00
3.2720,2016-04-14 10:00
3.2717,2016-04-14 09:00
3.2715,2016-04-14 08:00
3.2713,2016-04-14 07:00
3.2712,2016-04-14 06:00
3.2712,2016-04-14 05:00
3.2712,2016-04-14 04:00
3.2713,2016-04-14 03:00
3.2714,2016-04-14 02:00
3.2715,2016-04-14 01:00
3.2717,2016-04-14 00:00
3.2717,2016-04-13 23:00
3.2718,2016-04-13 22:00
3.2717,2016-04-13 21:00
3.2716,2016-04-13 20:00
3.2714,2016-04-13 19:00
3.2712,2016-04-13 18:00
3.2710,2016-04-13 17:00
3.2708,2016-04-13 16:00
3.2706,2016-04-13 15:00
3.2705,2016-04-13 14:00
3.2706,2016-04-13 13:00
3.2708,2016-04-13 12:00
3.2708,2016-04-13 11:00
3.2704,2016-04-13 10:00
3.2695,2016-04-13 09:00
3.2688,2016-04-13 08:00
3.2692,2016-04-13 07:00
3.2696,2016-04-13 06:00
3.2700,2016-04-13 05:00
3.2704,2016-04-13 04:00
3.2708,2016-04-13 03:00
3.2713,2016-04-13 02:00
3.2717,2016-04-13 01:00
3.2723,2016-04-13 00:00
3.2728,2016-04-12 23:00
3.2734,2016-04-12 22:00
3.2740,2016-04-12 21:00
3.2748,2016-04-12 20:00
3.2755,2016-04-12 19:00
3.2764,2016-04-12 18:00
3.2773,2016-04-12 17:00
3.2784,2016-04-12 16:00
3.2795,2016-04-12 15:00
3.2808,2016-04-12 14:00
3.2821,2016-04-12 13:00
3.2836,2016-04-12 12:00
3.2852,2016-04-12 11:00
3.2868,2016-04-12 10:00
3.2886,2016-04-12 09:00
3.2905,2016-04-12 08:00
3.2924,2016-04-12 07:00
3.2944,2016-04-12 06:00
3.2964,2016-04-12 05:00
3.2983,2016-04-12 04:00
3.3001,2016-04-12 03:00
3.3019,2016-04-12 02:00
3.3034,2016-04-12 01:00
3.3047,2016-04-12 00:00
3.3056,2016-04-11 23:00
3.3063,2016-04-11 22:00
3.3066,2016-04-11 21:00
3.3066,2016-04-11 20:00
3.3064,2016-04-11 19:00
3.3060,2016-04-11 18:00
3.3055,2016-04-11 17:00
3.3050,2016-04-11 16:00
3.3046,2016-04-11 15:00
3.3042,2016-04-11 14:00
3.3039,2016-04-11 13:00
3.3038,2016-04-11 12:00
3.3038,2016-04-11 11:00
3.3039,2016-04-11 10:00
3.3041,2016-04-11 09:00
3.3043,2016-04-11 08:00
3.3046,2016-04-11 07:00
3.3048,2016-04-11 06:00
3.3050,2016-04-11 05:00
3.3051,2016-04-11 04:00
3.3052,2016-04-11 03:00
3.3052,2016-04-11 02:00
3.3053,2016-04-11 01:00
3.3055,2016-04-11 00:00
3.3059,2016-04-10 23:00
3.3065,2016-04-10 22:00
3.3075,2016-04-10 21:00
3.3089,2016-04-10 20:00
3.3103,2016-04-10 19:00
3.3111,2016-04-10 18:00
3.3107,2016-04-10 17:00
3.3094,2016-04-10 16:00
3.3097,2016-04-10 15:00
3.3117,2016-04-10 14:00
3.3137,2016-04-10 13:00
3.3156,2016-04-10 12:00
3.3176,2016-04-10 11:00
3.3195,2016-04-10 10:00
3.3215,2016-04-10 09:00
3.3236,2016-04-10 08:00
3.3258,2016-04-10 07:00
3.3281,2016-04-10 06:00
3.3305,2016-04-10 05:00
3.3329,2016-04-10 04:00
3.3354,2016-04-10 03:00
3.3379,2016-04-10 02:00
3.3403,2016-04-10 01:00
3.3425,2016-04-10 00:00
3.3444,2016-04-09 23:00
3.3461,2016-04-09 22:00
3.3475,2016-04-09 21:00
3.3487,2016-04-09 20:00
3.3496,2016-04-09 19:00
3.3504,2016-04-09 18:00
3.3512,2016-04-09 17:00
3.3520,2016-04-09 16:00
3.3528,2016-04-09 15:00
3.3537,2016-04-09 14:00
3.3545,2016-04-09 13:00
3.3554,2016-04-09 12:00
3.3561,2016-04-09 11:00
3.3567,2016-04-09 10:00
3.3571,2016-04-09 09:00
3.3572,2016-04-09 08:00
3.3571,2016-04-09 07:00
3.3568,2016-04-09 06:00
3.3563,2016-04-09 05:00
3.3554,2016-04-09 04:00
3.3540,2016-04-09 03:00
3.3518,2016-04-09 02:00
3.3498,2016-04-09 01:00
3.3493,2016-04-09 00:00
3.3492,2016-04-08 23:00
3.3493,2016-04-08 22:00
3.3492,2016-04-08 21:00
3.3488,2016-04-08 20:00
3.3488,2016-04-08 19:00
3.3493,2016-04-08 18:00
3.3509,2016-04-08 17:00
3.3533,2016-04-08 16:00
3.3556,2016-04-08 15:00
3.3578,2016-04-08 14:00
3.3598,2016-04-08 13:00
3.3620,2016-04-08 12:00
3.3644,2016-04-08 11:00
3.3672,2016-04-08 10:00
3.3706,2016-04-08 09:00
3.3742,2016-04-08 08:00
3.3774,2016-04-08 07:00
3.3789,2016-04-08 06:00
3.3789,2016-04-08 05:00
3.3793,2016-04-08 04:00
3.3805,2016-04-08 03:00
3.3832,2016-04-08 02:00
3.3877,2016-04-08 01:00
3.3920,2016-04-08 00:00
3.3964,2016-04-07 23:00
3.4007,2016-04-07 22:00
3.4051,2016-04-07 21:00
3.4097,2016-04-07 20:00
3.4145,2016-04-07 19:00
3.4196,2016-04-07 18:00
3.4249,2016-04-07 17:00
3.4304,2016-04-07 16:00
3.4361,2016-04-07 15:00
3.4418,2016-04-07 14:00
3.4477,2016-04-07 13:00
3.4535,2016-04-07 12:00
3.4591,2016-04-07 11:00
3.4647,2016-04-07 10:00
3.4701,2016-04-07 09:00
3.4752,2016-04-07 08:00
3.4802,2016-04-07 07:00
3.4849,2016-04-07 06:00
3.4895,2016-04-07 05:00
3.4940,2016-04-07 04:00
3.4986,2016-04-07 03:00
3.5033,2016-04-07 02:00
3.5082,2016-04-07 01:00
3.5132,2016-04-07 00:00
3.5180,2016-04-06 23:00
3.5225,2016-04-06 22:00
3.5264,2016-04-06 21:00
3.5289,2016-04-06 20:00
3.5291,2016-04-06 19:00
3.5258,2016-04-06 18:00
3.5199,2016-04-06 17:00
3.5137,2016-04-06 16:00
3.5089,2016-04-06 15:00
3.5044,2016-04-06 14:00
3.4991,2016-04-06 13:00
3.4911,2016-04-06 12:00
3.4795,2016-04-06 11:00
3.4679,2016-04-06 10:00
3.4608,2016-04-06 09:00
3.4481,2016-04-06 08:00
3.4342,2016-04-06 07:00
3.4268,2016-04-06 06:00
3.4219,2016-04-06 05:00
3.4180,2016-04-06 04:00
3.4126,2016-04-06 03:00
3.4055,2016-04-06 02:00
3.3966,2016-04-06 01:00
3.3882,2016-04-06 00:00
3.3836,2016-04-05 23:00
3.3810,2016-04-05 22:00
3.3768,2016-04-05 21:00
3.3668,2016-04-05 20:00
3.3482,2016-04-05 19:00
3.3311,2016-04-05 18:00
3.3277,2016-04-05 17:00
3.3243,2016-04-05 16:00
3.3236,2016-04-05 15:00
3.3239,2016-04-05 14:00
3.3242,2016-04-05 13:00
3.3245,2016-04-05 12:00
3.3248,2016-04-05 11:00
3.3251,2016-04-05 10:00
3.3254,2016-04-05 09:00
3.3257,2016-04-05 08:00
3.3260,2016-04-05 07:00
3.3263,2016-04-05 06:00
3.3266,2016-04-05 05:00
3.3270,2016-04-05 04:00
3.3273,2016-04-05 03:00
3.3277,2016-04-05 02:00
3.3281,2016-04-05 01:00
3.3285,2016-04-05 00:00
3.3290,2016-04-04 23:00
3.3296,2016-04-04 22:00
3.3302,2016-04-04 21:00
3.3309,2016-04-04 20:00
3.3317,2016-04-04 19:00
3.3327,2016-04-04 18:00
3.3338,2016-04-04 17:00
3.3350,2016-04-04 16:00
3.3365,2016-04-04 15:00
3.3381,2016-04-04 14:00
3.3399,2016-04-04 13:00
3.3418,2016-04-04 12:00
3.3439,2016-04-04 11:00
3.3462,2016-04-04 10:00
3.3486,2016-04-04 09:00
3.3511,2016-04-04 08:00
3.3536,2016-04-04 07:00
3.3562,2016-04-04 06:00
3.3587,2016-04-04 05:00
3.3612,2016-04-04 04:00
3.3636,2016-04-04 03:00
3.3660,2016-04-04 02:00
3.3684,2016-04-04 01:00
3.3709,2016-04-04 00:00
3.3735,2016-04-03 23:00
3.3762,2016-04-03 22:00
3.3793,2016-04-03 21:00
3.3827,2016-04-03 20:00
3.3866,2016-04-03 19:00
3.3910,2016-04-03 18:00
3.3960,2016-04-03 17:00
3.4016,2016-04-03 16:00
3.4079,2016-04-03 15:00
3.4150,2016-04-03 14:00
3.4226,2016-04-03 13:00
3.4309,2016-04-03 12:00
3.4397,2016-04-03 11:00
3.4489,2016-04-03 10:00
3.4583,2016-04-03 09:00
3.4676,2016-04-03 08:00
3.4767,2016-04-03 07:00
3.4853,2016-04-03 06:00
3.4933,2016-04-03 05:00
3.5007,2016-04-03 04:00
3.5072,2016-04-03 03:00
3.5128,2016-04-03 02:00
3.5174,2016-04-03 01:00
3.5209,2016-04-03 00:00
3.5233,2016-04-02 23:00
3.5244,2016-04-02 22:00
3.5244,2016-04-02 21:00
3.5234,2016-04-02 20:00
3.5215,2016-04-02 19:00
3.5192,2016-04-02 18:00
3.5167,2016-04-02 17:00
3.5146,2016-04-02 16:00
3.5131,2016-04-02 15:00
3.5123,2016-04-02 14:00
3.5114,2016-04-02 13:00
3.5089,2016-04-02 12:00
3.5039,2016-04-02 11:00
3.4984,2016-04-02 10:00
3.4960,2016-04-02 09:00
3.4937,2016-04-02 08:00
3.4900,2016-04-02 07:00
3.4845,2016-04-02 06:00
3.4767,2016-04-02 05:00
3.4663,2016-04-02 04:00
3.4528,2016-04-02 03:00
3.4359,2016-04-02 02:00
3.4157,2016-04-02 01:00
3.3923,2016-04-02 00:00
3.3666,2016-04-01 23:00
3.3398,2016-04-01 22:00
3.3132,2016-04-01 21:00
3.2879,2016-04-01 20:00
3.2641,2016-04-01 19:00
3.2416,2016-04-01 18:00
3.2202,2016-04-01 17:00
3.1999,2016-04-01 16:00
3.1791,2016-04-01 15:00
3.1533,2016-04-01 14:00
3.1291,2016-04-01 13:00
3.1089,2016-04-01 12:00
3.0901,2016-04-01 11:00
3.0767,2016-04-01 10:00
3.0668,2016-04-01 09:00
3.0568,2016-04-01 08:00
3.0458,2016-04-01 07:00
3.0331,2016-04-01 06:00
3.0187,2016-04-01 05:00
3.0029,2016-04-01 04:00
2.9853,2016-04-01 03:00
2.9638,2016-04-01 02:00
2.9340,2016-04-01 01:00
2.9004,2016-04-01 00:00
